0, 0, 1026.7907168166732
0, 0.2, 1283.395258315645
0, 0.4, 1359.640392781321
0, 0.6000000000000001, 1463.665762365343
0, 0.8, 1549.769440021237
0, 1, 1642.3124557678757
0, 1.2000000000000002, 1741.1670893292508
0, 1.4000000000000001, 1815.3182185825565
0, 1.6, 1895.7027103237863
0, 1.8, 1963.7291071444247
0, 2, 2044.159147204537
0, 2.2, 2118.4101437069066
0, 2.4000000000000004, 2174.0936713651054
0, 2.6, 2223.5923713447005
0, 2.8000000000000003, 2254.519575877061
0, 3, 2273.0665644412993
0, 3.2, 2266.454352441614
0, 3.4000000000000004, 2260.2618542108994
0, 3.6, 2266.454352441614
0, 3.8000000000000003, 2260.2618542108994
0, 4, 2272.6468506723286
0, 4.2, 2272.6468506723286
0, 4.4, 2266.454352441614
0, 4.6000000000000005, 2266.454352441614
0, 4.800000000000001, 2266.454352441614
0, 5, 2272.6468506723286
0, 5.2, 2272.6468506723286
0, 5.4, 2266.454352441614
0, 5.6000000000000005, 2266.454352441614
0, 5.800000000000001, 2260.2618542108994
0, 6, 2272.6468506723286
0, 6.2, 2278.839348903043
0, 6.4, 2266.454352441614
0, 6.6000000000000005, 2266.454352441614
0, 6.800000000000001, 2260.2618542108994
0, 7, 2266.454352441614
0, 7.2, 2235.491861288041
0, 7.4, 2173.566878980895
0, 7.6000000000000005, 2124.0268931351784
0, 7.800000000000001, 2043.5244161358887
0, 8, 1981.5994338287405
0, 8.200000000000001, 1888.7119603680183
0, 8.4, 1820.5944798301553
0, 8.6, 1740.0920028308626
0, 8.8, 1641.0120311394255
0, 9, 1560.5095541401329
0, 9.200000000000001, 1449.0445859872661
0, 9.4, 1368.5421089879735
0, 9.600000000000001, 1263.2696390658216
0, 9.8, 1176.5746638358141
0.2, 0, 1283.395258315645
0.2, 0.2, 1386.0799252196668
0.2, 0.4, 1470.7010749898316
0.2, 0.6000000000000001, 1581.2001011696075
0.2, 0.8, 1673.5674898723742
0.2, 1, 1772.3284860565132
0.2, 1.2000000000000002, 1871.1943473181552
0.2, 1.4000000000000001, 1957.7361548953197
0.2, 1.6, 2044.316318311267
0.2, 1.8, 2124.7296197327887
0.2, 2, 2211.3533729350875
0.2, 2.2, 2285.6051791264977
0.2, 2.4000000000000004, 2347.4817651490544
0.2, 2.6, 2409.3658612967406
0.2, 2.8000000000000003, 2446.485856863624
0.2, 3, 2452.2292993630517
0.2, 3.2, 2452.2292993630517
0.2, 3.4000000000000004, 2446.036801132337
0.2, 3.6, 2458.4217975937663
0.2, 3.8000000000000003, 2452.2292993630517
0.2, 4, 2452.2292993630517
0.2, 4.2, 2452.2292993630517
0.2, 4.4, 2452.2292993630517
0.2, 4.6000000000000005, 2452.2292993630517
0.2, 4.800000000000001, 2446.036801132337
0.2, 5, 2452.2292993630517
0.2, 5.2, 2452.2292993630517
0.2, 5.4, 2452.2292993630517
0.2, 5.6000000000000005, 2452.2292993630517
0.2, 5.800000000000001, 2439.8443029016225
0.2, 6, 2452.2292993630517
0.2, 6.2, 2458.4217975937663
0.2, 6.4, 2446.036801132337
0.2, 6.6000000000000005, 2446.036801132337
0.2, 6.800000000000001, 2439.8443029016225
0.2, 7, 2446.036801132337
0.2, 7.2, 2408.8818117480496
0.2, 7.4, 2340.764331210189
0.2, 7.6000000000000005, 2285.0318471337578
0.2, 7.800000000000001, 2198.3368719037535
0.2, 8, 2130.219391365893
0.2, 8.200000000000001, 2031.139419674459
0.2, 8.4, 1956.8294409058813
0.2, 8.6, 1870.1344656758738
0.2, 8.8, 1764.8619957537219
0.2, 9, 1678.1670205237144
0.2, 9.200000000000001, 1560.5095541401329
0.2, 9.4, 1473.8145789101254
0.2, 9.600000000000001, 1362.3496107572587
0.2, 9.8, 1269.4621372965364
0.4, 0, 1359.640392781321
0.4, 0.2, 1470.7010749898316
0.4, 0.4, 1562.8924484555548
0.4, 0.6000000000000001, 1680.0035970200022
0.4, 0.8, 1778.709083142478
0.4, 1, 1883.722763795854
0.4, 1.2000000000000002, 1995.0022533448932
0.4, 1.4000000000000001, 2081.559220466713
0.4, 1.6, 2174.34059623297
0.4, 1.8, 2254.7592399483906
0.4, 2, 2347.5789396638875
0.4, 2.2, 2434.218063547147
0.4, 2.4000000000000004, 2502.288765728844
0.4, 2.6, 2564.17402313501
0.4, 2.8000000000000003, 2607.4873715028475
0.4, 3, 2625.6192498230603
0.4, 3.2, 2619.4267515923457
0.4, 3.4000000000000004, 2613.234253361631
0.4, 3.6, 2619.4267515923457
0.4, 3.8000000000000003, 2613.234253361631
0.4, 4, 2625.6192498230603
0.4, 4.2, 2625.6192498230603
0.4, 4.4, 2619.4267515923457
0.4, 4.6000000000000005, 2619.4267515923457
0.4, 4.800000000000001, 2619.4267515923457
0.4, 5, 2625.6192498230603
0.4, 5.2, 2625.6192498230603
0.4, 5.4, 2619.4267515923457
0.4, 5.6000000000000005, 2619.4267515923457
0.4, 5.800000000000001, 2613.234253361631
0.4, 6, 2625.6192498230603
0.4, 6.2, 2631.811748053775
0.4, 6.4, 2619.4267515923457
0.4, 6.6000000000000005, 2619.4267515923457
0.4, 6.800000000000001, 2613.234253361631
0.4, 7, 2619.4267515923457
0.4, 7.2, 2576.0792639773435
0.4, 7.4, 2501.7692852087685
0.4, 7.6000000000000005, 2439.8443029016225
0.4, 7.800000000000001, 2346.9568294409037
0.4, 8, 2272.6468506723286
0.4, 8.200000000000001, 2167.3743807501805
0.4, 8.4, 2086.871903750891
0.4, 8.6, 1993.9844302901702
0.4, 8.8, 1882.5194621373034
0.4, 9, 1789.6319886765812
0.4, 9.200000000000001, 1665.7820240622848
0.4, 9.4, 1572.8945506015625
0.4, 9.600000000000001, 1455.237084217981
0.4, 9.8, 1356.1571125265439
0.6000000000000001, 0, 1463.665762365343
0.6000000000000001, 0.2, 1581.2001011696075
0.6000000000000001, 0.4, 1680.0035970200022
0.6000000000000001, 0.6000000000000001, 1803.5625778883566
0.6000000000000001, 0.8, 1908.5898796886129
0.6000000000000001, 1, 2019.8619609733205
0.6000000000000001, 1.2000000000000002, 2131.1769172668032
0.6000000000000001, 1.4000000000000001, 2230.139169713211
0.6000000000000001, 1.6, 2329.1253190314146
0.6000000000000001, 1.8, 2421.9367562206407
0.6000000000000001, 2, 2520.9541166361623
0.6000000000000001, 2.2, 2607.5967818046397
0.6000000000000001, 2.4000000000000004, 2681.8624861702942
0.6000000000000001, 2.6, 2756.1345573628396
0.6000000000000001, 2.8000000000000003, 2805.6417531779775
0.6000000000000001, 3, 2811.394196744498
0.6000000000000001, 3.2, 2811.394196744498
0.6000000000000001, 3.4000000000000004, 2805.2016985137834
0.6000000000000001, 3.6, 2817.5866949752126
0.6000000000000001, 3.8000000000000003, 2811.394196744498
0.6000000000000001, 4, 2811.394196744498
0.6000000000000001, 4.2, 2811.394196744498
0.6000000000000001, 4.4, 2811.394196744498
0.6000000000000001, 4.6000000000000005, 2811.394196744498
0.6000000000000001, 4.800000000000001, 2805.2016985137834
0.6000000000000001, 5, 2811.394196744498
0.6000000000000001, 5.2, 2811.394196744498
0.6000000000000001, 5.4, 2811.394196744498
0.6000000000000001, 5.6000000000000005, 2811.394196744498
0.6000000000000001, 5.800000000000001, 2799.009200283069
0.6000000000000001, 6, 2811.394196744498
0.6000000000000001, 6.2, 2817.5866949752126
0.6000000000000001, 6.4, 2805.2016985137834
0.6000000000000001, 6.6000000000000005, 2805.2016985137834
0.6000000000000001, 6.800000000000001, 2799.009200283069
0.6000000000000001, 7, 2805.2016985137834
0.6000000000000001, 7.2, 2755.6617126680667
0.6000000000000001, 7.4, 2675.159235668777
0.6000000000000001, 7.6000000000000005, 2607.0417551309165
0.6000000000000001, 7.800000000000001, 2507.961783439483
0.6000000000000001, 8, 2427.4593064401934
0.6000000000000001, 8.200000000000001, 2315.9943382873307
0.6000000000000001, 8.4, 2229.2993630573264
0.6000000000000001, 8.6, 2130.219391365893
0.6000000000000001, 8.8, 2012.5619249823146
0.6000000000000001, 9, 1913.4819532908775
0.6000000000000001, 9.200000000000001, 1783.4394904458663
0.6000000000000001, 9.4, 1684.3595187544292
0.6000000000000001, 9.600000000000001, 1560.5095541401329
0.6000000000000001, 9.8, 1455.237084217981
0.8, 0, 1549.769440021237
0.8, 0.2, 1673.5674898723742
0.8, 0.4, 1778.709083142478
0.8, 0.6000000000000001, 1908.5898796886129
0.8, 0.8, 2019.897491478313
0.8, 1, 2137.4167544763404
0.8, 1.2000000000000002, 2261.150370832934
0.8, 1.4000000000000001, 2360.133728077711
0.8, 1.6, 2465.325989731173
0.8, 1.8, 2558.1464822653015
0.8, 2, 2663.362544135264
0.8, 2.2, 2762.3945719064154
0.8, 2.4000000000000004, 2842.8559236469473
0.8, 2.6, 2917.13031643215
0.8, 2.8000000000000003, 2972.8317557420173
0.8, 3, 2990.976645435221
0.8, 3.2, 2984.7841472045066
0.8, 3.4000000000000004, 2978.591648973792
0.8, 3.6, 2984.7841472045066
0.8, 3.8000000000000003, 2978.591648973792
0.8, 4, 2990.976645435221
0.8, 4.2, 2990.976645435221
0.8, 4.4, 2984.7841472045066
0.8, 4.6000000000000005, 2984.7841472045066
0.8, 4.800000000000001, 2984.7841472045066
0.8, 5, 2990.976645435221
0.8, 5.2, 2990.976645435221
0.8, 5.4, 2984.7841472045066
0.8, 5.6000000000000005, 2984.7841472045066
0.8, 5.800000000000001, 2978.591648973792
0.8, 6, 2990.976645435221
0.8, 6.2, 2997.1691436659357
0.8, 6.4, 2984.7841472045066
0.8, 6.6000000000000005, 2984.7841472045066
0.8, 6.800000000000001, 2978.591648973792
0.8, 7, 2984.7841472045066
0.8, 7.2, 2929.0516631280752
0.8, 7.4, 2842.356687898071
0.8, 7.6000000000000005, 2768.046709129496
0.8, 7.800000000000001, 2662.774239207348
0.8, 8, 2576.0792639773435
0.8, 8.200000000000001, 2458.4217975937663
0.8, 8.4, 2365.5343241330474
0.8, 8.6, 2260.2618542108994
0.8, 8.8, 2136.4118895966076
0.8, 9, 2031.139419674459
0.8, 9.200000000000001, 1894.904458598733
0.8, 9.4, 1789.6319886765812
0.8, 9.600000000000001, 1659.58952583157
0.8, 9.8, 1548.1245576787032
1, 0, 1642.3124557678757
1, 0.2, 1772.3284860565132
1, 0.4, 1883.722763795854
1, 0.6000000000000001, 2019.8619609733205
1, 0.8, 2137.4167544763404
1, 1, 2261.168568200338
1, 1.2000000000000002, 2391.1225642994664
1, 1.4000000000000001, 2496.3175708774306
1, 1.6, 2607.715553288518
1, 1.8, 2706.737800369424
1, 2, 2818.1529538514515
1, 2.2, 2923.3822632903116
1, 2.4000000000000004, 3010.0396466454536
1, 2.6, 3090.509192612845
1, 2.8000000000000003, 3152.4051570309643
1, 3, 3170.5590941259443
1, 3.2, 3164.3665958952297
1, 3.4000000000000004, 3158.174097664515
1, 3.6, 3164.3665958952297
1, 3.8000000000000003, 3158.174097664515
1, 4, 3170.5590941259443
1, 4.2, 3170.5590941259443
1, 4.4, 3164.3665958952297
1, 4.6000000000000005, 3164.3665958952297
1, 4.800000000000001, 3164.3665958952297
1, 5, 3170.5590941259443
1, 5.2, 3170.5590941259443
1, 5.4, 3164.3665958952297
1, 5.6000000000000005, 3164.3665958952297
1, 5.800000000000001, 3158.174097664515
1, 6, 3170.5590941259443
1, 6.2, 3176.751592356659
1, 6.4, 3164.3665958952297
1, 6.6000000000000005, 3164.3665958952297
1, 6.800000000000001, 3158.174097664515
1, 7, 3164.3665958952297
1, 7.2, 3102.441613588084
1, 7.4, 3009.554140127365
1, 7.6000000000000005, 2929.0516631280752
1, 7.800000000000001, 2817.5866949752126
1, 8, 2724.6992215144937
1, 8.200000000000001, 2600.849256900202
1, 8.4, 2501.7692852087685
1, 8.6, 2390.304317055906
1, 8.8, 2260.2618542108994
1, 9, 2148.7968860580368
1, 9.200000000000001, 2006.3694267515998
1, 9.4, 1894.904458598733
1, 9.600000000000001, 1758.669497523007
1, 9.8, 1641.0120311394255
1.2000000000000002, 0, 1741.1670893292508
1.2000000000000002, 0.2, 1871.1943473181552
1.2000000000000002, 0.4, 1995.0022533448932
1.2000000000000002, 0.6000000000000001, 2131.1769172668032
1.2000000000000002, 0.8, 2261.150370832934
1.2000000000000002, 1, 2391.1225642994664
1.2000000000000002, 1.2000000000000002, 2514.905576315403
1.2000000000000002, 1.4000000000000001, 2638.6941302526952
1.2000000000000002, 1.6, 2750.1039455060004
1.2000000000000002, 1.8, 2867.7124093187062
1.2000000000000002, 2, 2985.326532815846
1.2000000000000002, 2.2, 3090.5606929546298
1.2000000000000002, 2.4000000000000004, 3189.606751076556
1.2000000000000002, 2.6, 3270.079120481572
1.2000000000000002, 2.8000000000000003, 3337.7565463552382
1.2000000000000002, 3, 3343.949044585953
1.2000000000000002, 3.2, 3350.1415428166674
1.2000000000000002, 3.4000000000000004, 3343.949044585953
1.2000000000000002, 3.6, 3343.949044585953
1.2000000000000002, 3.8000000000000003, 3343.949044585953
1.2000000000000002, 4, 3343.949044585953
1.2000000000000002, 4.2, 3350.1415428166674
1.2000000000000002, 4.4, 3350.1415428166674
1.2000000000000002, 4.6000000000000005, 3343.949044585953
1.2000000000000002, 4.800000000000001, 3337.7565463552382
1.2000000000000002, 5, 3343.949044585953
1.2000000000000002, 5.2, 3343.949044585953
1.2000000000000002, 5.4, 3350.1415428166674
1.2000000000000002, 5.6000000000000005, 3343.949044585953
1.2000000000000002, 5.800000000000001, 3337.7565463552382
1.2000000000000002, 6, 3343.949044585953
1.2000000000000002, 6.2, 3343.949044585953
1.2000000000000002, 6.4, 3343.949044585953
1.2000000000000002, 6.6000000000000005, 3337.7565463552382
1.2000000000000002, 6.800000000000001, 3337.7565463552382
1.2000000000000002, 7, 3337.7565463552382
1.2000000000000002, 7.2, 3269.6390658173777
1.2000000000000002, 7.4, 3182.9440905873735
1.2000000000000002, 7.6000000000000005, 3090.0566171266546
1.2000000000000002, 7.800000000000001, 2972.3991507430774
1.2000000000000002, 8, 2867.1266808209293
1.2000000000000002, 8.200000000000001, 2743.2767162066375
1.2000000000000002, 8.4, 2638.0042462844895
1.2000000000000002, 8.6, 2514.1542816701976
1.2000000000000002, 8.8, 2384.111818825191
1.2000000000000002, 9, 2260.2618542108994
1.2000000000000002, 9.200000000000001, 2117.834394904464
1.2000000000000002, 9.4, 2000.176928520885
1.2000000000000002, 9.600000000000001, 1851.5569709837293
1.2000000000000002, 9.8, 1733.8995046001478
1.4000000000000001, 0, 1815.3182185825565
1.4000000000000001, 0.2, 1957.7361548953197
1.4000000000000001, 0.4, 2081.559220466713
1.4000000000000001, 0.6000000000000001, 2230.139169713211
1.4000000000000001, 0.8, 2360.133728077711
1.4000000000000001, 1, 2496.3175708774306
1.4000000000000001, 1.2000000000000002, 2638.6941302526952
1.4000000000000001, 1.4000000000000001, 2756.30304664192
1.4000000000000001, 1.6, 2880.1079187309897
1.4000000000000001, 1.8, 2991.5316721089443
1.4000000000000001, 2, 3115.3443093690516
1.4000000000000001, 2.2, 3232.968125981781
1.4000000000000001, 2.4000000000000004, 3332.0178152715844
1.4000000000000001, 2.6, 3424.878031976229
1.4000000000000001, 2.8000000000000003, 3486.3765038923884
1.4000000000000001, 3, 3504.953998584532
1.4000000000000001, 3.2, 3498.7615003538176
1.4000000000000001, 3.4000000000000004, 3492.569002123103
1.4000000000000001, 3.6, 3498.7615003538176
1.4000000000000001, 3.8000000000000003, 3492.569002123103
1.4000000000000001, 4, 3504.953998584532
1.4000000000000001, 4.2, 3504.953998584532
1.4000000000000001, 4.4, 3498.7615003538176
1.4000000000000001, 4.6000000000000005, 3498.7615003538176
1.4000000000000001, 4.800000000000001, 3498.7615003538176
1.4000000000000001, 5, 3504.953998584532
1.4000000000000001, 5.2, 3504.953998584532
1.4000000000000001, 5.4, 3498.7615003538176
1.4000000000000001, 5.6000000000000005, 3498.7615003538176
1.4000000000000001, 5.800000000000001, 3492.569002123103
1.4000000000000001, 6, 3504.953998584532
1.4000000000000001, 6.2, 3511.146496815247
1.4000000000000001, 6.4, 3498.7615003538176
1.4000000000000001, 6.6000000000000005, 3498.7615003538176
1.4000000000000001, 6.800000000000001, 3492.569002123103
1.4000000000000001, 7, 3498.7615003538176
1.4000000000000001, 7.2, 3436.8365180466717
1.4000000000000001, 7.4, 3331.5640481245237
1.4000000000000001, 7.6000000000000005, 3238.676574663805
1.4000000000000001, 7.800000000000001, 3114.826610049513
1.4000000000000001, 8, 3009.554140127365
1.4000000000000001, 8.200000000000001, 2873.319179051644
1.4000000000000001, 8.4, 2761.8542108987813
1.4000000000000001, 8.6, 2638.0042462844895
1.4000000000000001, 8.8, 2495.576786978054
1.4000000000000001, 9, 2371.726822363762
1.4000000000000001, 9.200000000000001, 2216.9143665958973
1.4000000000000001, 9.4, 2093.0644019816054
1.4000000000000001, 9.600000000000001, 1944.4444444444516
1.4000000000000001, 9.8, 1814.4019815994404
1.6, 0, 1895.7027103237863
1.6, 0.2, 2044.316318311267
1.6, 0.4, 2174.34059623297
1.6, 0.6000000000000001, 2329.1253190314146
1.6, 0.8, 2465.325989731173
1.6, 1, 2607.715553288518
1.6, 1.2000000000000002, 2750.1039455060004
1.6, 1.4000000000000001, 2880.1079187309897
1.6, 1.6, 3010.1135795369
1.6, 1.8, 3133.9290404498074
1.6, 2, 3263.939560242641
1.6, 2.2, 3381.567683735744
1.6, 2.4000000000000004, 3486.8133192968785
1.6, 2.6, 3585.456475583822
1.6, 2.8000000000000003, 3647.381457890968
1.6, 3, 3653.5739561216824
1.6, 3.2, 3653.5739561216824
1.6, 3.4000000000000004, 3647.381457890968
1.6, 3.6, 3659.766454352397
1.6, 3.8000000000000003, 3653.5739561216824
1.6, 4, 3653.5739561216824
1.6, 4.2, 3653.5739561216824
1.6, 4.4, 3653.5739561216824
1.6, 4.6000000000000005, 3653.5739561216824
1.6, 4.800000000000001, 3647.381457890968
1.6, 5, 3653.5739561216824
1.6, 5.2, 3653.5739561216824
1.6, 5.4, 3653.5739561216824
1.6, 5.6000000000000005, 3653.5739561216824
1.6, 5.800000000000001, 3641.188959660253
1.6, 6, 3653.5739561216824
1.6, 6.2, 3659.766454352397
1.6, 6.4, 3647.381457890968
1.6, 6.6000000000000005, 3647.381457890968
1.6, 6.800000000000001, 3641.188959660253
1.6, 7, 3647.381457890968
1.6, 7.2, 3585.456475583822
1.6, 7.4, 3480.184005661674
1.6, 7.6000000000000005, 3381.1040339702404
1.6, 7.800000000000001, 3251.061571125234
1.6, 8, 3139.5966029723713
1.6, 8.200000000000001, 2997.1691436659357
1.6, 8.4, 2879.5116772823585
1.6, 8.6, 2749.469214437352
1.6, 8.8, 2600.849256900202
1.6, 9, 2470.8067940551955
1.6, 9.200000000000001, 2309.801840056616
1.6, 9.4, 2179.7593772116097
1.6, 9.600000000000001, 2024.9469214437443
1.6, 9.8, 1888.7119603680183
1.8, 0, 1963.7291071444247
1.8, 0.2, 2124.7296197327887
1.8, 0.4, 2254.7592399483906
1.8, 0.6000000000000001, 2421.9367562206407
1.8, 0.8, 2558.1464822653015
1.8, 1, 2706.737800369424
1.8, 1.2000000000000002, 2867.7124093187062
1.8, 1.4000000000000001, 2991.5316721089443
1.8, 1.6, 3133.9290404498074
1.8, 1.8, 3251.5576560598224
1.8, 2, 3387.7653701438608
1.8, 2.2, 3517.7823616840083
1.8, 2.4000000000000004, 3622.6114649681094
1.8, 2.6, 3727.8839348902575
1.8, 2.8000000000000003, 3783.616418966689
1.8, 3, 3802.1939136588326
1.8, 3.2, 3789.8089171974034
1.8, 3.4000000000000004, 3783.616418966689
1.8, 3.6, 3802.1939136588326
1.8, 3.8000000000000003, 3789.8089171974034
1.8, 4, 3802.1939136588326
1.8, 4.2, 3796.001415428118
1.8, 4.4, 3789.8089171974034
1.8, 4.6000000000000005, 3796.001415428118
1.8, 4.800000000000001, 3796.001415428118
1.8, 5, 3802.1939136588326
1.8, 5.2, 3802.1939136588326
1.8, 5.4, 3789.8089171974034
1.8, 5.6000000000000005, 3796.001415428118
1.8, 5.800000000000001, 3783.616418966689
1.8, 6, 3802.1939136588326
1.8, 6.2, 3814.5789101202618
1.8, 6.4, 3789.8089171974034
1.8, 6.6000000000000005, 3796.001415428118
1.8, 6.800000000000001, 3783.616418966689
1.8, 7, 3796.001415428118
1.8, 7.2, 3734.076433120972
1.8, 7.4, 3622.6114649681094
1.8, 7.6000000000000005, 3523.531493276676
1.8, 7.800000000000001, 3387.296532200955
1.8, 8, 3275.8315640480923
1.8, 8.200000000000001, 3121.0191082802276
1.8, 8.4, 2997.1691436659357
1.8, 8.6, 2867.1266808209293
1.8, 8.8, 2706.12172682235
1.8, 9, 2576.0792639773435
1.8, 9.200000000000001, 2402.689313517335
1.8, 9.4, 2266.454352441614
1.8, 9.600000000000001, 2105.4493984430346
1.8, 9.8, 1963.021939136596
2, 0, 2044.159147204537
2, 0.2, 2211.3533729350875
2, 0.4, 2347.5789396638875
2, 0.6000000000000001, 2520.9541166361623
2, 0.8, 2663.362544135264
2, 1, 2818.1529538514515
2, 1.2000000000000002, 2985.326532815846
2, 1.4000000000000001, 3115.3443093690516
2, 1.6, 3263.939560242641
2, 1.8, 3387.7653701438608
2, 2, 3530.1696078793216
2, 2.2, 3666.3825101802754
2, 2.4000000000000004, 3771.2314225052596
2, 2.6, 3876.5038924274077
2, 2.8000000000000003, 3932.236376503839
2, 3, 3950.8138711959828
2, 3.2, 3938.4288747345536
2, 3.4000000000000004, 3932.236376503839
2, 3.6, 3950.8138711959828
2, 3.8000000000000003, 3938.4288747345536
2, 4, 3950.8138711959828
2, 4.2, 3944.621372965268
2, 4.4, 3938.4288747345536
2, 4.6000000000000005, 3944.621372965268
2, 4.800000000000001, 3944.621372965268
2, 5, 3950.8138711959828
2, 5.2, 3950.8138711959828
2, 5.4, 3938.4288747345536
2, 5.6000000000000005, 3944.621372965268
2, 5.800000000000001, 3932.236376503839
2, 6, 3950.8138711959828
2, 6.2, 3963.198867657412
2, 6.4, 3938.4288747345536
2, 6.6000000000000005, 3944.621372965268
2, 6.800000000000001, 3932.236376503839
2, 7, 3944.621372965268
2, 7.2, 3882.6963906581223
2, 7.4, 3771.2314225052596
2, 7.6000000000000005, 3672.151450813826
2, 7.800000000000001, 3529.7239915073906
2, 8, 3412.0665251238133
2, 8.200000000000001, 3251.061571125234
2, 8.4, 3121.0191082802276
2, 8.6, 2984.7841472045066
2, 8.8, 2817.5866949752126
2, 9, 2681.3517338994916
2, 9.200000000000001, 2501.7692852087685
2, 9.4, 2359.341825902333
2, 9.600000000000001, 2192.144373673039
2, 9.8, 2043.5244161358887
2.2, 0, 2118.4101437069066
2.2, 0.2, 2285.6051791264977
2.2, 0.4, 2434.218063547147
2.2, 0.6000000000000001, 2607.5967818046397
2.2, 0.8, 2762.3945719064154
2.2, 1, 2923.3822632903116
2.2, 1.2000000000000002, 3090.5606929546298
2.2, 1.4000000000000001, 3232.968125981781
2.2, 1.6, 3381.567683735744
2.2, 1.8, 3517.7823616840083
2.2, 2, 3666.3825101802754
2.2, 2.2, 3802.1939136588326
2.2, 2.4000000000000004, 3913.658881811695
2.2, 2.6, 4006.546355272414
2.2, 2.8000000000000003, 4068.47133757956
2.2, 3, 4087.0488322717038
2.2, 3.2, 4080.856334040989
2.2, 3.4000000000000004, 4074.6638358102746
2.2, 3.6, 4080.856334040989
2.2, 3.8000000000000003, 4074.6638358102746
2.2, 4, 4087.0488322717038
2.2, 4.2, 4087.0488322717038
2.2, 4.4, 4080.856334040989
2.2, 4.6000000000000005, 4080.856334040989
2.2, 4.800000000000001, 4080.856334040989
2.2, 5, 4087.0488322717038
2.2, 5.2, 4087.0488322717038
2.2, 5.4, 4080.856334040989
2.2, 5.6000000000000005, 4080.856334040989
2.2, 5.800000000000001, 4074.6638358102746
2.2, 6, 4087.0488322717038
2.2, 6.2, 4093.2413305024184
2.2, 6.4, 4080.856334040989
2.2, 6.6000000000000005, 4080.856334040989
2.2, 6.800000000000001, 4074.6638358102746
2.2, 7, 4080.856334040989
2.2, 7.2, 4012.7388535031287
2.2, 7.4, 3913.658881811695
2.2, 7.6000000000000005, 3808.386411889547
2.2, 7.800000000000001, 3665.9589525831116
2.2, 8, 3535.916489738105
2.2, 8.200000000000001, 3374.911535739526
2.2, 8.4, 3238.676574663805
2.2, 8.6, 3090.0566171266546
2.2, 8.8, 2922.8591648973606
2.2, 9, 2774.2392073602105
2.2, 9.200000000000001, 2594.6567586694873
2.2, 9.4, 2446.036801132337
2.2, 9.600000000000001, 2266.454352441614
2.2, 9.8, 2117.834394904464
2.4000000000000004, 0, 2174.0936713651054
2.4000000000000004, 0.2, 2347.4817651490544
2.4000000000000004, 0.4, 2502.288765728844
2.4000000000000004, 0.6000000000000001, 2681.8624861702942
2.4000000000000004, 0.8, 2842.8559236469473
2.4000000000000004, 1, 3010.0396466454536
2.4000000000000004, 1.2000000000000002, 3189.606751076556
2.4000000000000004, 1.4000000000000001, 3332.0178152715844
2.4000000000000004, 1.6, 3486.8133192968785
2.4000000000000004, 1.8, 3622.6114649681094
2.4000000000000004, 2, 3771.2314225052596
2.4000000000000004, 2.2, 3913.658881811695
2.4000000000000004, 2.4000000000000004, 4025.123849964558
2.4000000000000004, 2.6, 4111.818825194562
2.4000000000000004, 2.8000000000000003, 4173.743807501708
2.4000000000000004, 3, 4198.513800424566
2.4000000000000004, 3.2, 4192.321302193852
2.4000000000000004, 3.4000000000000004, 4186.128803963137
2.4000000000000004, 3.6, 4186.128803963137
2.4000000000000004, 3.8000000000000003, 4179.936305732423
2.4000000000000004, 4, 4198.513800424566
2.4000000000000004, 4.2, 4204.706298655281
2.4000000000000004, 4.4, 4192.321302193852
2.4000000000000004, 4.6000000000000005, 4192.321302193852
2.4000000000000004, 4.800000000000001, 4192.321302193852
2.4000000000000004, 5, 4198.513800424566
2.4000000000000004, 5.2, 4204.706298655281
2.4000000000000004, 5.4, 4192.321302193852
2.4000000000000004, 5.6000000000000005, 4192.321302193852
2.4000000000000004, 5.800000000000001, 4186.128803963137
2.4000000000000004, 6, 4198.513800424566
2.4000000000000004, 6.2, 4210.898796885996
2.4000000000000004, 6.4, 4192.321302193852
2.4000000000000004, 6.6000000000000005, 4198.513800424566
2.4000000000000004, 6.800000000000001, 4186.128803963137
2.4000000000000004, 7, 4192.321302193852
2.4000000000000004, 7.2, 4130.396319886706
2.4000000000000004, 7.4, 4025.123849964558
2.4000000000000004, 7.6000000000000005, 3926.0438782731244
2.4000000000000004, 7.800000000000001, 3771.2314225052596
2.4000000000000004, 8, 3647.381457890968
2.4000000000000004, 8.200000000000001, 3480.184005661674
2.4000000000000004, 8.4, 3343.949044585953
2.4000000000000004, 8.6, 3189.136588818088
2.4000000000000004, 8.8, 3009.554140127365
2.4000000000000004, 9, 2860.9341825902147
2.4000000000000004, 9.200000000000001, 2668.9667374380624
2.4000000000000004, 9.4, 2520.346779900912
2.4000000000000004, 9.600000000000001, 2328.37933474876
2.4000000000000004, 9.8, 2173.566878980895
2.6, 0, 2223.5923713447005
2.6, 0.2, 2409.3658612967406
2.6, 0.4, 2564.17402313501
2.6, 0.6000000000000001, 2756.1345573628396
2.6, 0.8, 2917.13031643215
2.6, 1, 3090.509192612845
2.6, 1.2000000000000002, 3270.079120481572
2.6, 1.4000000000000001, 3424.878031976229
2.6, 1.6, 3585.456475583822
2.6, 1.8, 3727.8839348902575
2.6, 2, 3876.5038924274077
2.6, 2.2, 4006.546355272414
2.6, 2.4000000000000004, 4111.818825194562
2.6, 2.6, 4223.283793347425
2.6, 2.8000000000000003, 4279.016277423856
2.6, 3, 4279.016277423856
2.6, 3.2, 4279.016277423856
2.6, 3.4000000000000004, 4272.8237791931415
2.6, 3.6, 4297.593772116
2.6, 3.8000000000000003, 4285.208775654571
2.6, 4, 4279.016277423856
2.6, 4.2, 4279.016277423856
2.6, 4.4, 4279.016277423856
2.6, 4.6000000000000005, 4285.208775654571
2.6, 4.800000000000001, 4272.8237791931415
2.6, 5, 4279.016277423856
2.6, 5.2, 4285.208775654571
2.6, 5.4, 4279.016277423856
2.6, 5.6000000000000005, 4285.208775654571
2.6, 5.800000000000001, 4260.438782731712
2.6, 6, 4279.016277423856
2.6, 6.2, 4297.593772116
2.6, 6.4, 4266.631280962427
2.6, 6.6000000000000005, 4279.016277423856
2.6, 6.800000000000001, 4260.438782731712
2.6, 7, 4272.8237791931415
2.6, 7.2, 4217.09129511671
2.6, 7.4, 4099.433828733133
2.6, 7.6000000000000005, 4006.546355272414
2.6, 7.800000000000001, 3851.7338995045493
2.6, 8, 3734.076433120972
2.6, 8.200000000000001, 3560.6864826609635
2.6, 8.4, 3424.4515215852425
2.6, 8.6, 3269.6390658173777
2.6, 8.8, 3077.6716206652254
2.6, 9, 2929.0516631280752
2.6, 9.200000000000001, 2724.6992215144937
2.6, 9.4, 2569.886765746629
2.6, 9.600000000000001, 2377.9193205944766
2.6, 9.8, 2210.7218683651827
2.8000000000000003, 0, 2254.519575877061
2.8000000000000003, 0.2, 2446.485856863624
2.8000000000000003, 0.4, 2607.4873715028475
2.8000000000000003, 0.6000000000000001, 2805.6417531779775
2.8000000000000003, 0.8, 2972.8317557420173
2.8000000000000003, 1, 3152.4051570309643
2.8000000000000003, 1.2000000000000002, 3337.7565463552382
2.8000000000000003, 1.4000000000000001, 3486.3765038923884
2.8000000000000003, 1.6, 3647.381457890968
2.8000000000000003, 1.8, 3783.616418966689
2.8000000000000003, 2, 3932.236376503839
2.8000000000000003, 2.2, 4068.47133757956
2.8000000000000003, 2.4000000000000004, 4173.743807501708
2.8000000000000003, 2.6, 4279.016277423856
2.8000000000000003, 2.8000000000000003, 4334.748761500287
2.8000000000000003, 3, 4347.133757961717
2.8000000000000003, 3.2, 4340.941259731002
2.8000000000000003, 3.4000000000000004, 4334.748761500287
2.8000000000000003, 3.6, 4353.326256192431
2.8000000000000003, 3.8000000000000003, 4340.941259731002
2.8000000000000003, 4, 4347.133757961717
2.8000000000000003, 4.2, 4347.133757961717
2.8000000000000003, 4.4, 4340.941259731002
2.8000000000000003, 4.6000000000000005, 4347.133757961717
2.8000000000000003, 4.800000000000001, 4340.941259731002
2.8000000000000003, 5, 4347.133757961717
2.8000000000000003, 5.2, 4353.326256192431
2.8000000000000003, 5.4, 4340.941259731002
2.8000000000000003, 5.6000000000000005, 4347.133757961717
2.8000000000000003, 5.800000000000001, 4328.556263269573
2.8000000000000003, 6, 4347.133757961717
2.8000000000000003, 6.2, 4365.71125265386
2.8000000000000003, 6.4, 4334.748761500287
2.8000000000000003, 6.6000000000000005, 4347.133757961717
2.8000000000000003, 6.800000000000001, 4328.556263269573
2.8000000000000003, 7, 4340.941259731002
2.8000000000000003, 7.2, 4285.208775654571
2.8000000000000003, 7.4, 4167.551309270993
2.8000000000000003, 7.6000000000000005, 4074.6638358102746
2.8000000000000003, 7.800000000000001, 3919.85138004241
2.8000000000000003, 8, 3802.1939136588326
2.8000000000000003, 8.200000000000001, 3628.803963198824
2.8000000000000003, 8.4, 3492.569002123103
2.8000000000000003, 8.6, 3337.7565463552382
2.8000000000000003, 8.8, 3145.789101203086
2.8000000000000003, 9, 2990.976645435221
2.8000000000000003, 9.200000000000001, 2780.431705590925
2.8000000000000003, 9.4, 2619.4267515923457
2.8000000000000003, 9.600000000000001, 2421.2668082094788
2.8000000000000003, 9.8, 2247.87685774947
3, 0, 2273.0665644412993
3, 0.2, 2452.2292993630517
3, 0.4, 2625.6192498230603
3, 0.6000000000000001, 2811.394196744498
3, 0.8, 2990.976645435221
3, 1, 3170.5590941259443
3, 1.2000000000000002, 3343.949044585953
3, 1.4000000000000001, 3504.953998584532
3, 1.6, 3653.5739561216824
3, 1.8, 3802.1939136588326
3, 2, 3950.8138711959828
3, 2.2, 4087.0488322717038
3, 2.4000000000000004, 4198.513800424566
3, 2.6, 4279.016277423856
3, 2.8000000000000003, 4347.133757961717
3, 3, 4359.518754423146
3, 3.2, 4365.71125265386
3, 3.4000000000000004, 4359.518754423146
3, 3.6, 4353.326256192431
3, 3.8000000000000003, 4353.326256192431
3, 4, 4359.518754423146
3, 4.2, 4371.903750884575
3, 4.4, 4365.71125265386
3, 4.6000000000000005, 4365.71125265386
3, 4.800000000000001, 4359.518754423146
3, 5, 4359.518754423146
3, 5.2, 4365.71125265386
3, 5.4, 4365.71125265386
3, 5.6000000000000005, 4365.71125265386
3, 5.800000000000001, 4353.326256192431
3, 6, 4359.518754423146
3, 6.2, 4371.903750884575
3, 6.4, 4359.518754423146
3, 6.6000000000000005, 4365.71125265386
3, 6.800000000000001, 4353.326256192431
3, 7, 4359.518754423146
3, 7.2, 4297.593772116
3, 7.4, 4192.321302193852
3, 7.6000000000000005, 4093.2413305024184
3, 7.800000000000001, 3938.4288747345536
3, 8, 3814.5789101202618
3, 8.200000000000001, 3647.381457890968
3, 8.4, 3511.146496815247
3, 8.6, 3350.1415428166674
3, 8.8, 3164.3665958952297
3, 9, 3003.3616418966503
3, 9.200000000000001, 2799.009200283069
3, 9.4, 2638.0042462844895
3, 9.600000000000001, 2433.651804670908
3, 9.8, 2266.454352441614
3.2, 0, 2266.454352441614
3.2, 0.2, 2452.2292993630517
3.2, 0.4, 2619.4267515923457
3.2, 0.6000000000000001, 2811.394196744498
3.2, 0.8, 2984.7841472045066
3.2, 1, 3164.3665958952297
3.2, 1.2000000000000002, 3350.1415428166674
3.2, 1.4000000000000001, 3498.7615003538176
3.2, 1.6, 3653.5739561216824
3.2, 1.8, 3789.8089171974034
3.2, 2, 3938.4288747345536
3.2, 2.2, 4080.856334040989
3.2, 2.4000000000000004, 4192.321302193852
3.2, 2.6, 4279.016277423856
3.2, 2.8000000000000003, 4340.941259731002
3.2, 3, 4365.71125265386
3.2, 3.2, 4359.518754423146
3.2, 3.4000000000000004, 4353.326256192431
3.2, 3.6, 4353.326256192431
3.2, 3.8000000000000003, 4347.133757961717
3.2, 4, 4365.71125265386
3.2, 4.2, 4371.903750884575
3.2, 4.4, 4359.518754423146
3.2, 4.6000000000000005, 4359.518754423146
3.2, 4.800000000000001, 4359.518754423146
3.2, 5, 4365.71125265386
3.2, 5.2, 4371.903750884575
3.2, 5.4, 4359.518754423146
3.2, 5.6000000000000005, 4359.518754423146
3.2, 5.800000000000001, 4353.326256192431
3.2, 6, 4365.71125265386
3.2, 6.2, 4378.0962491152895
3.2, 6.4, 4359.518754423146
3.2, 6.6000000000000005, 4365.71125265386
3.2, 6.800000000000001, 4353.326256192431
3.2, 7, 4359.518754423146
3.2, 7.2, 4297.593772116
3.2, 7.4, 4192.321302193852
3.2, 7.6000000000000005, 4093.2413305024184
3.2, 7.800000000000001, 3938.4288747345536
3.2, 8, 3814.5789101202618
3.2, 8.200000000000001, 3647.381457890968
3.2, 8.4, 3511.146496815247
3.2, 8.6, 3350.1415428166674
3.2, 8.8, 3164.3665958952297
3.2, 9, 3003.3616418966503
3.2, 9.200000000000001, 2799.009200283069
3.2, 9.4, 2638.0042462844895
3.2, 9.600000000000001, 2433.651804670908
3.2, 9.8, 2266.454352441614
3.4000000000000004, 0, 2260.2618542108994
3.4000000000000004, 0.2, 2446.036801132337
3.4000000000000004, 0.4, 2613.234253361631
3.4000000000000004, 0.6000000000000001, 2805.2016985137834
3.4000000000000004, 0.8, 2978.591648973792
3.4000000000000004, 1, 3158.174097664515
3.4000000000000004, 1.2000000000000002, 3343.949044585953
3.4000000000000004, 1.4000000000000001, 3492.569002123103
3.4000000000000004, 1.6, 3647.381457890968
3.4000000000000004, 1.8, 3783.616418966689
3.4000000000000004, 2, 3932.236376503839
3.4000000000000004, 2.2, 4074.6638358102746
3.4000000000000004, 2.4000000000000004, 4186.128803963137
3.4000000000000004, 2.6, 4272.8237791931415
3.4000000000000004, 2.8000000000000003, 4334.748761500287
3.4000000000000004, 3, 4359.518754423146
3.4000000000000004, 3.2, 4353.326256192431
3.4000000000000004, 3.4000000000000004, 4347.133757961717
3.4000000000000004, 3.6, 4347.133757961717
3.4000000000000004, 3.8000000000000003, 4340.941259731002
3.4000000000000004, 4, 4359.518754423146
3.4000000000000004, 4.2, 4365.71125265386
3.4000000000000004, 4.4, 4353.326256192431
3.4000000000000004, 4.6000000000000005, 4353.326256192431
3.4000000000000004, 4.800000000000001, 4353.326256192431
3.4000000000000004, 5, 4359.518754423146
3.4000000000000004, 5.2, 4365.71125265386
3.4000000000000004, 5.4, 4353.326256192431
3.4000000000000004, 5.6000000000000005, 4353.326256192431
3.4000000000000004, 5.800000000000001, 4347.133757961717
3.4000000000000004, 6, 4359.518754423146
3.4000000000000004, 6.2, 4371.903750884575
3.4000000000000004, 6.4, 4353.326256192431
3.4000000000000004, 6.6000000000000005, 4359.518754423146
3.4000000000000004, 6.800000000000001, 4347.133757961717
3.4000000000000004, 7, 4353.326256192431
3.4000000000000004, 7.2, 4291.401273885285
3.4000000000000004, 7.4, 4186.128803963137
3.4000000000000004, 7.6000000000000005, 4087.0488322717038
3.4000000000000004, 7.800000000000001, 3932.236376503839
3.4000000000000004, 8, 3808.386411889547
3.4000000000000004, 8.200000000000001, 3641.188959660253
3.4000000000000004, 8.4, 3504.953998584532
3.4000000000000004, 8.6, 3343.949044585953
3.4000000000000004, 8.8, 3158.174097664515
3.4000000000000004, 9, 2997.1691436659357
3.4000000000000004, 9.200000000000001, 2792.8167020523542
3.4000000000000004, 9.4, 2631.811748053775
3.4000000000000004, 9.600000000000001, 2427.4593064401934
3.4000000000000004, 9.8, 2260.2618542108994
3.6, 0, 2266.454352441614
3.6, 0.2, 2458.4217975937663
3.6, 0.4, 2619.4267515923457
3.6, 0.6000000000000001, 2817.5866949752126
3.6, 0.8, 2984.7841472045066
3.6, 1, 3164.3665958952297
3.6, 1.2000000000000002, 3343.949044585953
3.6, 1.4000000000000001, 3498.7615003538176
3.6, 1.6, 3659.766454352397
3.6, 1.8, 3802.1939136588326
3.6, 2, 3950.8138711959828
3.6, 2.2, 4080.856334040989
3.6, 2.4000000000000004, 4186.128803963137
3.6, 2.6, 4297.593772116
3.6, 2.8000000000000003, 4353.326256192431
3.6, 3, 4353.326256192431
3.6, 3.2, 4353.326256192431
3.6, 3.4000000000000004, 4347.133757961717
3.6, 3.6, 4371.903750884575
3.6, 3.8000000000000003, 4359.518754423146
3.6, 4, 4353.326256192431
3.6, 4.2, 4353.326256192431
3.6, 4.4, 4353.326256192431
3.6, 4.6000000000000005, 4359.518754423146
3.6, 4.800000000000001, 4347.133757961717
3.6, 5, 4353.326256192431
3.6, 5.2, 4359.518754423146
3.6, 5.4, 4353.326256192431
3.6, 5.6000000000000005, 4359.518754423146
3.6, 5.800000000000001, 4334.748761500287
3.6, 6, 4353.326256192431
3.6, 6.2, 4371.903750884575
3.6, 6.4, 4340.941259731002
3.6, 6.6000000000000005, 4353.326256192431
3.6, 6.800000000000001, 4334.748761500287
3.6, 7, 4347.133757961717
3.6, 7.2, 4291.401273885285
3.6, 7.4, 4173.743807501708
3.6, 7.6000000000000005, 4080.856334040989
3.6, 7.800000000000001, 3926.0438782731244
3.6, 8, 3808.386411889547
3.6, 8.200000000000001, 3634.9964614295386
3.6, 8.4, 3498.7615003538176
3.6, 8.6, 3343.949044585953
3.6, 8.8, 3151.9815994338005
3.6, 9, 2997.1691436659357
3.6, 9.200000000000001, 2786.6242038216396
3.6, 9.4, 2625.6192498230603
3.6, 9.600000000000001, 2427.4593064401934
3.6, 9.8, 2254.069355980185
3.8000000000000003, 0, 2260.2618542108994
3.8000000000000003, 0.2, 2452.2292993630517
3.8000000000000003, 0.4, 2613.234253361631
3.8000000000000003, 0.6000000000000001, 2811.394196744498
3.8000000000000003, 0.8, 2978.591648973792
3.8000000000000003, 1, 3158.174097664515
3.8000000000000003, 1.2000000000000002, 3343.949044585953
3.8000000000000003, 1.4000000000000001, 3492.569002123103
3.8000000000000003, 1.6, 3653.5739561216824
3.8000000000000003, 1.8, 3789.8089171974034
3.8000000000000003, 2, 3938.4288747345536
3.8000000000000003, 2.2, 4074.6638358102746
3.8000000000000003, 2.4000000000000004, 4179.936305732423
3.8000000000000003, 2.6, 4285.208775654571
3.8000000000000003, 2.8000000000000003, 4340.941259731002
3.8000000000000003, 3, 4353.326256192431
3.8000000000000003, 3.2, 4347.133757961717
3.8000000000000003, 3.4000000000000004, 4340.941259731002
3.8000000000000003, 3.6, 4359.518754423146
3.8000000000000003, 3.8000000000000003, 4347.133757961717
3.8000000000000003, 4, 4353.326256192431
3.8000000000000003, 4.2, 4353.326256192431
3.8000000000000003, 4.4, 4347.133757961717
3.8000000000000003, 4.6000000000000005, 4353.326256192431
3.8000000000000003, 4.800000000000001, 4347.133757961717
3.8000000000000003, 5, 4353.326256192431
3.8000000000000003, 5.2, 4359.518754423146
3.8000000000000003, 5.4, 4347.133757961717
3.8000000000000003, 5.6000000000000005, 4353.326256192431
3.8000000000000003, 5.800000000000001, 4334.748761500287
3.8000000000000003, 6, 4353.326256192431
3.8000000000000003, 6.2, 4371.903750884575
3.8000000000000003, 6.4, 4340.941259731002
3.8000000000000003, 6.6000000000000005, 4353.326256192431
3.8000000000000003, 6.800000000000001, 4334.748761500287
3.8000000000000003, 7, 4347.133757961717
3.8000000000000003, 7.2, 4291.401273885285
3.8000000000000003, 7.4, 4173.743807501708
3.8000000000000003, 7.6000000000000005, 4080.856334040989
3.8000000000000003, 7.800000000000001, 3926.0438782731244
3.8000000000000003, 8, 3808.386411889547
3.8000000000000003, 8.200000000000001, 3634.9964614295386
3.8000000000000003, 8.4, 3498.7615003538176
3.8000000000000003, 8.6, 3343.949044585953
3.8000000000000003, 8.8, 3151.9815994338005
3.8000000000000003, 9, 2997.1691436659357
3.8000000000000003, 9.200000000000001, 2786.6242038216396
3.8000000000000003, 9.4, 2625.6192498230603
3.8000000000000003, 9.600000000000001, 2427.4593064401934
3.8000000000000003, 9.8, 2254.069355980185
4, 0, 2272.6468506723286
4, 0.2, 2452.2292993630517
4, 0.4, 2625.6192498230603
4, 0.6000000000000001, 2811.394196744498
4, 0.8, 2990.976645435221
4, 1, 3170.5590941259443
4, 1.2000000000000002, 3343.949044585953
4, 1.4000000000000001, 3504.953998584532
4, 1.6, 3653.5739561216824
4, 1.8, 3802.1939136588326
4, 2, 3950.8138711959828
4, 2.2, 4087.0488322717038
4, 2.4000000000000004, 4198.513800424566
4, 2.6, 4279.016277423856
4, 2.8000000000000003, 4347.133757961717
4, 3, 4359.518754423146
4, 3.2, 4365.71125265386
4, 3.4000000000000004, 4359.518754423146
4, 3.6, 4353.326256192431
4, 3.8000000000000003, 4353.326256192431
4, 4, 4359.518754423146
4, 4.2, 4371.903750884575
4, 4.4, 4365.71125265386
4, 4.6000000000000005, 4365.71125265386
4, 4.800000000000001, 4359.518754423146
4, 5, 4359.518754423146
4, 5.2, 4365.71125265386
4, 5.4, 4365.71125265386
4, 5.6000000000000005, 4365.71125265386
4, 5.800000000000001, 4353.326256192431
4, 6, 4359.518754423146
4, 6.2, 4371.903750884575
4, 6.4, 4359.518754423146
4, 6.6000000000000005, 4365.71125265386
4, 6.800000000000001, 4353.326256192431
4, 7, 4359.518754423146
4, 7.2, 4297.593772116
4, 7.4, 4192.321302193852
4, 7.6000000000000005, 4093.2413305024184
4, 7.800000000000001, 3938.4288747345536
4, 8, 3814.5789101202618
4, 8.200000000000001, 3647.381457890968
4, 8.4, 3511.146496815247
4, 8.6, 3350.1415428166674
4, 8.8, 3164.3665958952297
4, 9, 3003.3616418966503
4, 9.200000000000001, 2799.009200283069
4, 9.4, 2638.0042462844895
4, 9.600000000000001, 2433.651804670908
4, 9.8, 2266.454352441614
4.2, 0, 2272.6468506723286
4.2, 0.2, 2452.2292993630517
4.2, 0.4, 2625.6192498230603
4.2, 0.6000000000000001, 2811.394196744498
4.2, 0.8, 2990.976645435221
4.2, 1, 3170.5590941259443
4.2, 1.2000000000000002, 3350.1415428166674
4.2, 1.4000000000000001, 3504.953998584532
4.2, 1.6, 3653.5739561216824
4.2, 1.8, 3796.001415428118
4.2, 2, 3944.621372965268
4.2, 2.2, 4087.0488322717038
4.2, 2.4000000000000004, 4204.706298655281
4.2, 2.6, 4279.016277423856
4.2, 2.8000000000000003, 4347.133757961717
4.2, 3, 4371.903750884575
4.2, 3.2, 4371.903750884575
4.2, 3.4000000000000004, 4365.71125265386
4.2, 3.6, 4353.326256192431
4.2, 3.8000000000000003, 4353.326256192431
4.2, 4, 4371.903750884575
4.2, 4.2, 4384.288747346004
4.2, 4.4, 4371.903750884575
4.2, 4.6000000000000005, 4365.71125265386
4.2, 4.800000000000001, 4365.71125265386
4.2, 5, 4371.903750884575
4.2, 5.2, 4378.0962491152895
4.2, 5.4, 4371.903750884575
4.2, 5.6000000000000005, 4365.71125265386
4.2, 5.800000000000001, 4365.71125265386
4.2, 6, 4371.903750884575
4.2, 6.2, 4378.0962491152895
4.2, 6.4, 4371.903750884575
4.2, 6.6000000000000005, 4371.903750884575
4.2, 6.800000000000001, 4365.71125265386
4.2, 7, 4365.71125265386
4.2, 7.2, 4297.593772116
4.2, 7.4, 4204.706298655281
4.2, 7.6000000000000005, 4099.433828733133
4.2, 7.800000000000001, 3944.621372965268
4.2, 8, 3814.5789101202618
4.2, 8.200000000000001, 3653.5739561216824
4.2, 8.4, 3517.3389950459614
4.2, 8.6, 3350.1415428166674
4.2, 8.8, 3170.5590941259443
4.2, 9, 3003.3616418966503
4.2, 9.200000000000001, 2805.2016985137834
4.2, 9.4, 2644.196744515204
4.2, 9.600000000000001, 2433.651804670908
4.2, 9.8, 2272.6468506723286
4.4, 0, 2266.454352441614
4.4, 0.2, 2452.2292993630517
4.4, 0.4, 2619.4267515923457
4.4, 0.6000000000000001, 2811.394196744498
4.4, 0.8, 2984.7841472045066
4.4, 1, 3164.3665958952297
4.4, 1.2000000000000002, 3350.1415428166674
4.4, 1.4000000000000001, 3498.7615003538176
4.4, 1.6, 3653.5739561216824
4.4, 1.8, 3789.8089171974034
4.4, 2, 3938.4288747345536
4.4, 2.2, 4080.856334040989
4.4, 2.4000000000000004, 4192.321302193852
4.4, 2.6, 4279.016277423856
4.4, 2.8000000000000003, 4340.941259731002
4.4, 3, 4365.71125265386
4.4, 3.2, 4359.518754423146
4.4, 3.4000000000000004, 4353.326256192431
4.4, 3.6, 4353.326256192431
4.4, 3.8000000000000003, 4347.133757961717
4.4, 4, 4365.71125265386
4.4, 4.2, 4371.903750884575
4.4, 4.4, 4359.518754423146
4.4, 4.6000000000000005, 4359.518754423146
4.4, 4.800000000000001, 4359.518754423146
4.4, 5, 4365.71125265386
4.4, 5.2, 4371.903750884575
4.4, 5.4, 4359.518754423146
4.4, 5.6000000000000005, 4359.518754423146
4.4, 5.800000000000001, 4353.326256192431
4.4, 6, 4365.71125265386
4.4, 6.2, 4378.0962491152895
4.4, 6.4, 4359.518754423146
4.4, 6.6000000000000005, 4365.71125265386
4.4, 6.800000000000001, 4353.326256192431
4.4, 7, 4359.518754423146
4.4, 7.2, 4297.593772116
4.4, 7.4, 4192.321302193852
4.4, 7.6000000000000005, 4093.2413305024184
4.4, 7.800000000000001, 3938.4288747345536
4.4, 8, 3814.5789101202618
4.4, 8.200000000000001, 3647.381457890968
4.4, 8.4, 3511.146496815247
4.4, 8.6, 3350.1415428166674
4.4, 8.8, 3164.3665958952297
4.4, 9, 3003.3616418966503
4.4, 9.200000000000001, 2799.009200283069
4.4, 9.4, 2638.0042462844895
4.4, 9.600000000000001, 2433.651804670908
4.4, 9.8, 2266.454352441614
4.6000000000000005, 0, 2266.454352441614
4.6000000000000005, 0.2, 2452.2292993630517
4.6000000000000005, 0.4, 2619.4267515923457
4.6000000000000005, 0.6000000000000001, 2811.394196744498
4.6000000000000005, 0.8, 2984.7841472045066
4.6000000000000005, 1, 3164.3665958952297
4.6000000000000005, 1.2000000000000002, 3343.949044585953
4.6000000000000005, 1.4000000000000001, 3498.7615003538176
4.6000000000000005, 1.6, 3653.5739561216824
4.6000000000000005, 1.8, 3796.001415428118
4.6000000000000005, 2, 3944.621372965268
4.6000000000000005, 2.2, 4080.856334040989
4.6000000000000005, 2.4000000000000004, 4192.321302193852
4.6000000000000005, 2.6, 4285.208775654571
4.6000000000000005, 2.8000000000000003, 4347.133757961717
4.6000000000000005, 3, 4365.71125265386
4.6000000000000005, 3.2, 4359.518754423146
4.6000000000000005, 3.4000000000000004, 4353.326256192431
4.6000000000000005, 3.6, 4359.518754423146
4.6000000000000005, 3.8000000000000003, 4353.326256192431
4.6000000000000005, 4, 4365.71125265386
4.6000000000000005, 4.2, 4365.71125265386
4.6000000000000005, 4.4, 4359.518754423146
4.6000000000000005, 4.6000000000000005, 4359.518754423146
4.6000000000000005, 4.800000000000001, 4359.518754423146
4.6000000000000005, 5, 4365.71125265386
4.6000000000000005, 5.2, 4365.71125265386
4.6000000000000005, 5.4, 4359.518754423146
4.6000000000000005, 5.6000000000000005, 4359.518754423146
4.6000000000000005, 5.800000000000001, 4353.326256192431
4.6000000000000005, 6, 4365.71125265386
4.6000000000000005, 6.2, 4371.903750884575
4.6000000000000005, 6.4, 4359.518754423146
4.6000000000000005, 6.6000000000000005, 4359.518754423146
4.6000000000000005, 6.800000000000001, 4353.326256192431
4.6000000000000005, 7, 4359.518754423146
4.6000000000000005, 7.2, 4291.401273885285
4.6000000000000005, 7.4, 4192.321302193852
4.6000000000000005, 7.6000000000000005, 4087.0488322717038
4.6000000000000005, 7.800000000000001, 3944.621372965268
4.6000000000000005, 8, 3814.5789101202618
4.6000000000000005, 8.200000000000001, 3647.381457890968
4.6000000000000005, 8.4, 3504.953998584532
4.6000000000000005, 8.6, 3343.949044585953
4.6000000000000005, 8.8, 3164.3665958952297
4.6000000000000005, 9, 2997.1691436659357
4.6000000000000005, 9.200000000000001, 2799.009200283069
4.6000000000000005, 9.4, 2631.811748053775
4.6000000000000005, 9.600000000000001, 2433.651804670908
4.6000000000000005, 9.8, 2266.454352441614
4.800000000000001, 0, 2266.454352441614
4.800000000000001, 0.2, 2446.036801132337
4.800000000000001, 0.4, 2619.4267515923457
4.800000000000001, 0.6000000000000001, 2805.2016985137834
4.800000000000001, 0.8, 2984.7841472045066
4.800000000000001, 1, 3164.3665958952297
4.800000000000001, 1.2000000000000002, 3337.7565463552382
4.800000000000001, 1.4000000000000001, 3498.7615003538176
4.800000000000001, 1.6, 3647.381457890968
4.800000000000001, 1.8, 3796.001415428118
4.800000000000001, 2, 3944.621372965268
4.800000000000001, 2.2, 4080.856334040989
4.800000000000001, 2.4000000000000004, 4192.321302193852
4.800000000000001, 2.6, 4272.8237791931415
4.800000000000001, 2.8000000000000003, 4340.941259731002
4.800000000000001, 3, 4359.518754423146
4.800000000000001, 3.2, 4359.518754423146
4.800000000000001, 3.4000000000000004, 4353.326256192431
4.800000000000001, 3.6, 4347.133757961717
4.800000000000001, 3.8000000000000003, 4347.133757961717
4.800000000000001, 4, 4359.518754423146
4.800000000000001, 4.2, 4365.71125265386
4.800000000000001, 4.4, 4359.518754423146
4.800000000000001, 4.6000000000000005, 4359.518754423146
4.800000000000001, 4.800000000000001, 4359.518754423146
4.800000000000001, 5, 4359.518754423146
4.800000000000001, 5.2, 4359.518754423146
4.800000000000001, 5.4, 4359.518754423146
4.800000000000001, 5.6000000000000005, 4359.518754423146
4.800000000000001, 5.800000000000001, 4353.326256192431
4.800000000000001, 6, 4359.518754423146
4.800000000000001, 6.2, 4365.71125265386
4.800000000000001, 6.4, 4359.518754423146
4.800000000000001, 6.6000000000000005, 4359.518754423146
4.800000000000001, 6.800000000000001, 4353.326256192431
4.800000000000001, 7, 4359.518754423146
4.800000000000001, 7.2, 4291.401273885285
4.800000000000001, 7.4, 4192.321302193852
4.800000000000001, 7.6000000000000005, 4087.0488322717038
4.800000000000001, 7.800000000000001, 3944.621372965268
4.800000000000001, 8, 3814.5789101202618
4.800000000000001, 8.200000000000001, 3647.381457890968
4.800000000000001, 8.4, 3504.953998584532
4.800000000000001, 8.6, 3343.949044585953
4.800000000000001, 8.8, 3164.3665958952297
4.800000000000001, 9, 2997.1691436659357
4.800000000000001, 9.200000000000001, 2799.009200283069
4.800000000000001, 9.4, 2631.811748053775
4.800000000000001, 9.600000000000001, 2433.651804670908
4.800000000000001, 9.8, 2266.454352441614
5, 0, 2272.6468506723286
5, 0.2, 2452.2292993630517
5, 0.4, 2625.6192498230603
5, 0.6000000000000001, 2811.394196744498
5, 0.8, 2990.976645435221
5, 1, 3170.5590941259443
5, 1.2000000000000002, 3343.949044585953
5, 1.4000000000000001, 3504.953998584532
5, 1.6, 3653.5739561216824
5, 1.8, 3802.1939136588326
5, 2, 3950.8138711959828
5, 2.2, 4087.0488322717038
5, 2.4000000000000004, 4198.513800424566
5, 2.6, 4279.016277423856
5, 2.8000000000000003, 4347.133757961717
5, 3, 4359.518754423146
5, 3.2, 4365.71125265386
5, 3.4000000000000004, 4359.518754423146
5, 3.6, 4353.326256192431
5, 3.8000000000000003, 4353.326256192431
5, 4, 4359.518754423146
5, 4.2, 4371.903750884575
5, 4.4, 4365.71125265386
5, 4.6000000000000005, 4365.71125265386
5, 4.800000000000001, 4359.518754423146
5, 5, 4359.518754423146
5, 5.2, 4365.71125265386
5, 5.4, 4365.71125265386
5, 5.6000000000000005, 4365.71125265386
5, 5.800000000000001, 4353.326256192431
5, 6, 4359.518754423146
5, 6.2, 4371.903750884575
5, 6.4, 4359.518754423146
5, 6.6000000000000005, 4365.71125265386
5, 6.800000000000001, 4353.326256192431
5, 7, 4359.518754423146
5, 7.2, 4297.593772116
5, 7.4, 4192.321302193852
5, 7.6000000000000005, 4093.2413305024184
5, 7.800000000000001, 3938.4288747345536
5, 8, 3814.5789101202618
5, 8.200000000000001, 3647.381457890968
5, 8.4, 3511.146496815247
5, 8.6, 3350.1415428166674
5, 8.8, 3164.3665958952297
5, 9, 3003.3616418966503
5, 9.200000000000001, 2799.009200283069
5, 9.4, 2638.0042462844895
5, 9.600000000000001, 2433.651804670908
5, 9.8, 2266.454352441614
5.2, 0, 2272.6468506723286
5.2, 0.2, 2452.2292993630517
5.2, 0.4, 2625.6192498230603
5.2, 0.6000000000000001, 2811.394196744498
5.2, 0.8, 2990.976645435221
5.2, 1, 3170.5590941259443
5.2, 1.2000000000000002, 3343.949044585953
5.2, 1.4000000000000001, 3504.953998584532
5.2, 1.6, 3653.5739561216824
5.2, 1.8, 3802.1939136588326
5.2, 2, 3950.8138711959828
5.2, 2.2, 4087.0488322717038
5.2, 2.4000000000000004, 4204.706298655281
5.2, 2.6, 4285.208775654571
5.2, 2.8000000000000003, 4353.326256192431
5.2, 3, 4365.71125265386
5.2, 3.2, 4371.903750884575
5.2, 3.4000000000000004, 4365.71125265386
5.2, 3.6, 4359.518754423146
5.2, 3.8000000000000003, 4359.518754423146
5.2, 4, 4365.71125265386
5.2, 4.2, 4378.0962491152895
5.2, 4.4, 4371.903750884575
5.2, 4.6000000000000005, 4365.71125265386
5.2, 4.800000000000001, 4359.518754423146
5.2, 5, 4365.71125265386
5.2, 5.2, 4371.903750884575
5.2, 5.4, 4371.903750884575
5.2, 5.6000000000000005, 4365.71125265386
5.2, 5.800000000000001, 4359.518754423146
5.2, 6, 4365.71125265386
5.2, 6.2, 4371.903750884575
5.2, 6.4, 4365.71125265386
5.2, 6.6000000000000005, 4365.71125265386
5.2, 6.800000000000001, 4359.518754423146
5.2, 7, 4359.518754423146
5.2, 7.2, 4291.401273885285
5.2, 7.4, 4198.513800424566
5.2, 7.6000000000000005, 4093.2413305024184
5.2, 7.800000000000001, 3938.4288747345536
5.2, 8, 3808.386411889547
5.2, 8.200000000000001, 3647.381457890968
5.2, 8.4, 3511.146496815247
5.2, 8.6, 3343.949044585953
5.2, 8.8, 3164.3665958952297
5.2, 9, 2997.1691436659357
5.2, 9.200000000000001, 2799.009200283069
5.2, 9.4, 2638.0042462844895
5.2, 9.600000000000001, 2427.4593064401934
5.2, 9.8, 2266.454352441614
5.4, 0, 2266.454352441614
5.4, 0.2, 2452.2292993630517
5.4, 0.4, 2619.4267515923457
5.4, 0.6000000000000001, 2811.394196744498
5.4, 0.8, 2984.7841472045066
5.4, 1, 3164.3665958952297
5.4, 1.2000000000000002, 3350.1415428166674
5.4, 1.4000000000000001, 3498.7615003538176
5.4, 1.6, 3653.5739561216824
5.4, 1.8, 3789.8089171974034
5.4, 2, 3938.4288747345536
5.4, 2.2, 4080.856334040989
5.4, 2.4000000000000004, 4192.321302193852
5.4, 2.6, 4279.016277423856
5.4, 2.8000000000000003, 4340.941259731002
5.4, 3, 4365.71125265386
5.4, 3.2, 4359.518754423146
5.4, 3.4000000000000004, 4353.326256192431
5.4, 3.6, 4353.326256192431
5.4, 3.8000000000000003, 4347.133757961717
5.4, 4, 4365.71125265386
5.4, 4.2, 4371.903750884575
5.4, 4.4, 4359.518754423146
5.4, 4.6000000000000005, 4359.518754423146
5.4, 4.800000000000001, 4359.518754423146
5.4, 5, 4365.71125265386
5.4, 5.2, 4371.903750884575
5.4, 5.4, 4359.518754423146
5.4, 5.6000000000000005, 4359.518754423146
5.4, 5.800000000000001, 4353.326256192431
5.4, 6, 4365.71125265386
5.4, 6.2, 4378.0962491152895
5.4, 6.4, 4359.518754423146
5.4, 6.6000000000000005, 4365.71125265386
5.4, 6.800000000000001, 4353.326256192431
5.4, 7, 4359.518754423146
5.4, 7.2, 4297.593772116
5.4, 7.4, 4192.321302193852
5.4, 7.6000000000000005, 4093.2413305024184
5.4, 7.800000000000001, 3938.4288747345536
5.4, 8, 3814.5789101202618
5.4, 8.200000000000001, 3647.381457890968
5.4, 8.4, 3511.146496815247
5.4, 8.6, 3350.1415428166674
5.4, 8.8, 3164.3665958952297
5.4, 9, 3003.3616418966503
5.4, 9.200000000000001, 2799.009200283069
5.4, 9.4, 2638.0042462844895
5.4, 9.600000000000001, 2433.651804670908
5.4, 9.8, 2266.454352441614
5.6000000000000005, 0, 2266.454352441614
5.6000000000000005, 0.2, 2452.2292993630517
5.6000000000000005, 0.4, 2619.4267515923457
5.6000000000000005, 0.6000000000000001, 2811.394196744498
5.6000000000000005, 0.8, 2984.7841472045066
5.6000000000000005, 1, 3164.3665958952297
5.6000000000000005, 1.2000000000000002, 3343.949044585953
5.6000000000000005, 1.4000000000000001, 3498.7615003538176
5.6000000000000005, 1.6, 3653.5739561216824
5.6000000000000005, 1.8, 3796.001415428118
5.6000000000000005, 2, 3944.621372965268
5.6000000000000005, 2.2, 4080.856334040989
5.6000000000000005, 2.4000000000000004, 4192.321302193852
5.6000000000000005, 2.6, 4285.208775654571
5.6000000000000005, 2.8000000000000003, 4347.133757961717
5.6000000000000005, 3, 4365.71125265386
5.6000000000000005, 3.2, 4359.518754423146
5.6000000000000005, 3.4000000000000004, 4353.326256192431
5.6000000000000005, 3.6, 4359.518754423146
5.6000000000000005, 3.8000000000000003, 4353.326256192431
5.6000000000000005, 4, 4365.71125265386
5.6000000000000005, 4.2, 4365.71125265386
5.6000000000000005, 4.4, 4359.518754423146
5.6000000000000005, 4.6000000000000005, 4359.518754423146
5.6000000000000005, 4.800000000000001, 4359.518754423146
5.6000000000000005, 5, 4365.71125265386
5.6000000000000005, 5.2, 4365.71125265386
5.6000000000000005, 5.4, 4359.518754423146
5.6000000000000005, 5.6000000000000005, 4359.518754423146
5.6000000000000005, 5.800000000000001, 4353.326256192431
5.6000000000000005, 6, 4365.71125265386
5.6000000000000005, 6.2, 4371.903750884575
5.6000000000000005, 6.4, 4359.518754423146
5.6000000000000005, 6.6000000000000005, 4359.518754423146
5.6000000000000005, 6.800000000000001, 4353.326256192431
5.6000000000000005, 7, 4359.518754423146
5.6000000000000005, 7.2, 4291.401273885285
5.6000000000000005, 7.4, 4192.321302193852
5.6000000000000005, 7.6000000000000005, 4087.0488322717038
5.6000000000000005, 7.800000000000001, 3944.621372965268
5.6000000000000005, 8, 3814.5789101202618
5.6000000000000005, 8.200000000000001, 3647.381457890968
5.6000000000000005, 8.4, 3504.953998584532
5.6000000000000005, 8.6, 3343.949044585953
5.6000000000000005, 8.8, 3164.3665958952297
5.6000000000000005, 9, 2997.1691436659357
5.6000000000000005, 9.200000000000001, 2799.009200283069
5.6000000000000005, 9.4, 2631.811748053775
5.6000000000000005, 9.600000000000001, 2433.651804670908
5.6000000000000005, 9.8, 2266.454352441614
5.800000000000001, 0, 2260.2618542108994
5.800000000000001, 0.2, 2439.8443029016225
5.800000000000001, 0.4, 2613.234253361631
5.800000000000001, 0.6000000000000001, 2799.009200283069
5.800000000000001, 0.8, 2978.591648973792
5.800000000000001, 1, 3158.174097664515
5.800000000000001, 1.2000000000000002, 3337.7565463552382
5.800000000000001, 1.4000000000000001, 3492.569002123103
5.800000000000001, 1.6, 3641.188959660253
5.800000000000001, 1.8, 3783.616418966689
5.800000000000001, 2, 3932.236376503839
5.800000000000001, 2.2, 4074.6638358102746
5.800000000000001, 2.4000000000000004, 4186.128803963137
5.800000000000001, 2.6, 4260.438782731712
5.800000000000001, 2.8000000000000003, 4328.556263269573
5.800000000000001, 3, 4353.326256192431
5.800000000000001, 3.2, 4353.326256192431
5.800000000000001, 3.4000000000000004, 4347.133757961717
5.800000000000001, 3.6, 4334.748761500287
5.800000000000001, 3.8000000000000003, 4334.748761500287
5.800000000000001, 4, 4353.326256192431
5.800000000000001, 4.2, 4365.71125265386
5.800000000000001, 4.4, 4353.326256192431
5.800000000000001, 4.6000000000000005, 4353.326256192431
5.800000000000001, 4.800000000000001, 4353.326256192431
5.800000000000001, 5, 4353.326256192431
5.800000000000001, 5.2, 4359.518754423146
5.800000000000001, 5.4, 4353.326256192431
5.800000000000001, 5.6000000000000005, 4353.326256192431
5.800000000000001, 5.800000000000001, 4347.133757961717
5.800000000000001, 6, 4353.326256192431
5.800000000000001, 6.2, 4365.71125265386
5.800000000000001, 6.4, 4353.326256192431
5.800000000000001, 6.6000000000000005, 4359.518754423146
5.800000000000001, 6.800000000000001, 4347.133757961717
5.800000000000001, 7, 4353.326256192431
5.800000000000001, 7.2, 4291.401273885285
5.800000000000001, 7.4, 4186.128803963137
5.800000000000001, 7.6000000000000005, 4087.0488322717038
5.800000000000001, 7.800000000000001, 3932.236376503839
5.800000000000001, 8, 3808.386411889547
5.800000000000001, 8.200000000000001, 3641.188959660253
5.800000000000001, 8.4, 3504.953998584532
5.800000000000001, 8.6, 3343.949044585953
5.800000000000001, 8.8, 3158.174097664515
5.800000000000001, 9, 2997.1691436659357
5.800000000000001, 9.200000000000001, 2792.8167020523542
5.800000000000001, 9.4, 2631.811748053775
5.800000000000001, 9.600000000000001, 2427.4593064401934
5.800000000000001, 9.8, 2260.2618542108994
6, 0, 2272.6468506723286
6, 0.2, 2452.2292993630517
6, 0.4, 2625.6192498230603
6, 0.6000000000000001, 2811.394196744498
6, 0.8, 2990.976645435221
6, 1, 3170.5590941259443
6, 1.2000000000000002, 3343.949044585953
6, 1.4000000000000001, 3504.953998584532
6, 1.6, 3653.5739561216824
6, 1.8, 3802.1939136588326
6, 2, 3950.8138711959828
6, 2.2, 4087.0488322717038
6, 2.4000000000000004, 4198.513800424566
6, 2.6, 4279.016277423856
6, 2.8000000000000003, 4347.133757961717
6, 3, 4359.518754423146
6, 3.2, 4365.71125265386
6, 3.4000000000000004, 4359.518754423146
6, 3.6, 4353.326256192431
6, 3.8000000000000003, 4353.326256192431
6, 4, 4359.518754423146
6, 4.2, 4371.903750884575
6, 4.4, 4365.71125265386
6, 4.6000000000000005, 4365.71125265386
6, 4.800000000000001, 4359.518754423146
6, 5, 4359.518754423146
6, 5.2, 4365.71125265386
6, 5.4, 4365.71125265386
6, 5.6000000000000005, 4365.71125265386
6, 5.800000000000001, 4353.326256192431
6, 6, 4359.518754423146
6, 6.2, 4371.903750884575
6, 6.4, 4359.518754423146
6, 6.6000000000000005, 4365.71125265386
6, 6.800000000000001, 4353.326256192431
6, 7, 4359.518754423146
6, 7.2, 4297.593772116
6, 7.4, 4192.321302193852
6, 7.6000000000000005, 4093.2413305024184
6, 7.800000000000001, 3938.4288747345536
6, 8, 3814.5789101202618
6, 8.200000000000001, 3647.381457890968
6, 8.4, 3511.146496815247
6, 8.6, 3350.1415428166674
6, 8.8, 3164.3665958952297
6, 9, 3003.3616418966503
6, 9.200000000000001, 2799.009200283069
6, 9.4, 2638.0042462844895
6, 9.600000000000001, 2433.651804670908
6, 9.8, 2266.454352441614
6.2, 0, 2278.839348903043
6.2, 0.2, 2458.4217975937663
6.2, 0.4, 2631.811748053775
6.2, 0.6000000000000001, 2817.5866949752126
6.2, 0.8, 2997.1691436659357
6.2, 1, 3176.751592356659
6.2, 1.2000000000000002, 3343.949044585953
6.2, 1.4000000000000001, 3511.146496815247
6.2, 1.6, 3659.766454352397
6.2, 1.8, 3814.5789101202618
6.2, 2, 3963.198867657412
6.2, 2.2, 4093.2413305024184
6.2, 2.4000000000000004, 4210.898796885996
6.2, 2.6, 4297.593772116
6.2, 2.8000000000000003, 4365.71125265386
6.2, 3, 4371.903750884575
6.2, 3.2, 4378.0962491152895
6.2, 3.4000000000000004, 4371.903750884575
6.2, 3.6, 4371.903750884575
6.2, 3.8000000000000003, 4371.903750884575
6.2, 4, 4371.903750884575
6.2, 4.2, 4378.0962491152895
6.2, 4.4, 4378.0962491152895
6.2, 4.6000000000000005, 4371.903750884575
6.2, 4.800000000000001, 4365.71125265386
6.2, 5, 4371.903750884575
6.2, 5.2, 4371.903750884575
6.2, 5.4, 4378.0962491152895
6.2, 5.6000000000000005, 4371.903750884575
6.2, 5.800000000000001, 4365.71125265386
6.2, 6, 4371.903750884575
6.2, 6.2, 4371.903750884575
6.2, 6.4, 4371.903750884575
6.2, 6.6000000000000005, 4365.71125265386
6.2, 6.800000000000001, 4365.71125265386
6.2, 7, 4365.71125265386
6.2, 7.2, 4291.401273885285
6.2, 7.4, 4204.706298655281
6.2, 7.6000000000000005, 4093.2413305024184
6.2, 7.800000000000001, 3950.8138711959828
6.2, 8, 3814.5789101202618
6.2, 8.200000000000001, 3653.5739561216824
6.2, 8.4, 3511.146496815247
6.2, 8.6, 3343.949044585953
6.2, 8.8, 3170.5590941259443
6.2, 9, 2997.1691436659357
6.2, 9.200000000000001, 2805.2016985137834
6.2, 9.4, 2638.0042462844895
6.2, 9.600000000000001, 2433.651804670908
6.2, 9.8, 2272.6468506723286
6.4, 0, 2266.454352441614
6.4, 0.2, 2446.036801132337
6.4, 0.4, 2619.4267515923457
6.4, 0.6000000000000001, 2805.2016985137834
6.4, 0.8, 2984.7841472045066
6.4, 1, 3164.3665958952297
6.4, 1.2000000000000002, 3343.949044585953
6.4, 1.4000000000000001, 3498.7615003538176
6.4, 1.6, 3647.381457890968
6.4, 1.8, 3789.8089171974034
6.4, 2, 3938.4288747345536
6.4, 2.2, 4080.856334040989
6.4, 2.4000000000000004, 4192.321302193852
6.4, 2.6, 4266.631280962427
6.4, 2.8000000000000003, 4334.748761500287
6.4, 3, 4359.518754423146
6.4, 3.2, 4359.518754423146
6.4, 3.4000000000000004, 4353.326256192431
6.4, 3.6, 4340.941259731002
6.4, 3.8000000000000003, 4340.941259731002
6.4, 4, 4359.518754423146
6.4, 4.2, 4371.903750884575
6.4, 4.4, 4359.518754423146
6.4, 4.6000000000000005, 4359.518754423146
6.4, 4.800000000000001, 4359.518754423146
6.4, 5, 4359.518754423146
6.4, 5.2, 4365.71125265386
6.4, 5.4, 4359.518754423146
6.4, 5.6000000000000005, 4359.518754423146
6.4, 5.800000000000001, 4353.326256192431
6.4, 6, 4359.518754423146
6.4, 6.2, 4371.903750884575
6.4, 6.4, 4359.518754423146
6.4, 6.6000000000000005, 4365.71125265386
6.4, 6.800000000000001, 4353.326256192431
6.4, 7, 4359.518754423146
6.4, 7.2, 4297.593772116
6.4, 7.4, 4192.321302193852
6.4, 7.6000000000000005, 4093.2413305024184
6.4, 7.800000000000001, 3938.4288747345536
6.4, 8, 3814.5789101202618
6.4, 8.200000000000001, 3647.381457890968
6.4, 8.4, 3511.146496815247
6.4, 8.6, 3350.1415428166674
6.4, 8.8, 3164.3665958952297
6.4, 9, 3003.3616418966503
6.4, 9.200000000000001, 2799.009200283069
6.4, 9.4, 2638.0042462844895
6.4, 9.600000000000001, 2433.651804670908
6.4, 9.8, 2266.454352441614
6.6000000000000005, 0, 2266.454352441614
6.6000000000000005, 0.2, 2446.036801132337
6.6000000000000005, 0.4, 2619.4267515923457
6.6000000000000005, 0.6000000000000001, 2805.2016985137834
6.6000000000000005, 0.8, 2984.7841472045066
6.6000000000000005, 1, 3164.3665958952297
6.6000000000000005, 1.2000000000000002, 3337.7565463552382
6.6000000000000005, 1.4000000000000001, 3498.7615003538176
6.6000000000000005, 1.6, 3647.381457890968
6.6000000000000005, 1.8, 3796.001415428118
6.6000000000000005, 2, 3944.621372965268
6.6000000000000005, 2.2, 4080.856334040989
6.6000000000000005, 2.4000000000000004, 4198.513800424566
6.6000000000000005, 2.6, 4279.016277423856
6.6000000000000005, 2.8000000000000003, 4347.133757961717
6.6000000000000005, 3, 4365.71125265386
6.6000000000000005, 3.2, 4365.71125265386
6.6000000000000005, 3.4000000000000004, 4359.518754423146
6.6000000000000005, 3.6, 4353.326256192431
6.6000000000000005, 3.8000000000000003, 4353.326256192431
6.6000000000000005, 4, 4365.71125265386
6.6000000000000005, 4.2, 4371.903750884575
6.6000000000000005, 4.4, 4365.71125265386
6.6000000000000005, 4.6000000000000005, 4359.518754423146
6.6000000000000005, 4.800000000000001, 4359.518754423146
6.6000000000000005, 5, 4365.71125265386
6.6000000000000005, 5.2, 4365.71125265386
6.6000000000000005, 5.4, 4365.71125265386
6.6000000000000005, 5.6000000000000005, 4359.518754423146
6.6000000000000005, 5.800000000000001, 4359.518754423146
6.6000000000000005, 6, 4365.71125265386
6.6000000000000005, 6.2, 4365.71125265386
6.6000000000000005, 6.4, 4365.71125265386
6.6000000000000005, 6.6000000000000005, 4359.518754423146
6.6000000000000005, 6.800000000000001, 4359.518754423146
6.6000000000000005, 7, 4359.518754423146
6.6000000000000005, 7.2, 4285.208775654571
6.6000000000000005, 7.4, 4198.513800424566
6.6000000000000005, 7.6000000000000005, 4087.0488322717038
6.6000000000000005, 7.800000000000001, 3944.621372965268
6.6000000000000005, 8, 3808.386411889547
6.6000000000000005, 8.200000000000001, 3647.381457890968
6.6000000000000005, 8.4, 3504.953998584532
6.6000000000000005, 8.6, 3337.7565463552382
6.6000000000000005, 8.8, 3164.3665958952297
6.6000000000000005, 9, 2990.976645435221
6.6000000000000005, 9.200000000000001, 2799.009200283069
6.6000000000000005, 9.4, 2631.811748053775
6.6000000000000005, 9.600000000000001, 2427.4593064401934
6.6000000000000005, 9.8, 2266.454352441614
6.800000000000001, 0, 2260.2618542108994
6.800000000000001, 0.2, 2439.8443029016225
6.800000000000001, 0.4, 2613.234253361631
6.800000000000001, 0.6000000000000001, 2799.009200283069
6.800000000000001, 0.8, 2978.591648973792
6.800000000000001, 1, 3158.174097664515
6.800000000000001, 1.2000000000000002, 3337.7565463552382
6.800000000000001, 1.4000000000000001, 3492.569002123103
6.800000000000001, 1.6, 3641.188959660253
6.800000000000001, 1.8, 3783.616418966689
6.800000000000001, 2, 3932.236376503839
6.800000000000001, 2.2, 4074.6638358102746
6.800000000000001, 2.4000000000000004, 4186.128803963137
6.800000000000001, 2.6, 4260.438782731712
6.800000000000001, 2.8000000000000003, 4328.556263269573
6.800000000000001, 3, 4353.326256192431
6.800000000000001, 3.2, 4353.326256192431
6.800000000000001, 3.4000000000000004, 4347.133757961717
6.800000000000001, 3.6, 4334.748761500287
6.800000000000001, 3.8000000000000003, 4334.748761500287
6.800000000000001, 4, 4353.326256192431
6.800000000000001, 4.2, 4365.71125265386
6.800000000000001, 4.4, 4353.326256192431
6.800000000000001, 4.6000000000000005, 4353.326256192431
6.800000000000001, 4.800000000000001, 4353.326256192431
6.800000000000001, 5, 4353.326256192431
6.800000000000001, 5.2, 4359.518754423146
6.800000000000001, 5.4, 4353.326256192431
6.800000000000001, 5.6000000000000005, 4353.326256192431
6.800000000000001, 5.800000000000001, 4347.133757961717
6.800000000000001, 6, 4353.326256192431
6.800000000000001, 6.2, 4365.71125265386
6.800000000000001, 6.4, 4353.326256192431
6.800000000000001, 6.6000000000000005, 4359.518754423146
6.800000000000001, 6.800000000000001, 4347.133757961717
6.800000000000001, 7, 4353.326256192431
6.800000000000001, 7.2, 4291.401273885285
6.800000000000001, 7.4, 4186.128803963137
6.800000000000001, 7.6000000000000005, 4087.0488322717038
6.800000000000001, 7.800000000000001, 3932.236376503839
6.800000000000001, 8, 3808.386411889547
6.800000000000001, 8.200000000000001, 3641.188959660253
6.800000000000001, 8.4, 3504.953998584532
6.800000000000001, 8.6, 3343.949044585953
6.800000000000001, 8.8, 3158.174097664515
6.800000000000001, 9, 2997.1691436659357
6.800000000000001, 9.200000000000001, 2792.8167020523542
6.800000000000001, 9.4, 2631.811748053775
6.800000000000001, 9.600000000000001, 2427.4593064401934
6.800000000000001, 9.8, 2260.2618542108994
7, 0, 2266.454352441614
7, 0.2, 2446.036801132337
7, 0.4, 2619.4267515923457
7, 0.6000000000000001, 2805.2016985137834
7, 0.8, 2984.7841472045066
7, 1, 3164.3665958952297
7, 1.2000000000000002, 3337.7565463552382
7, 1.4000000000000001, 3498.7615003538176
7, 1.6, 3647.381457890968
7, 1.8, 3796.001415428118
7, 2, 3944.621372965268
7, 2.2, 4080.856334040989
7, 2.4000000000000004, 4192.321302193852
7, 2.6, 4272.8237791931415
7, 2.8000000000000003, 4340.941259731002
7, 3, 4359.518754423146
7, 3.2, 4359.518754423146
7, 3.4000000000000004, 4353.326256192431
7, 3.6, 4347.133757961717
7, 3.8000000000000003, 4347.133757961717
7, 4, 4359.518754423146
7, 4.2, 4365.71125265386
7, 4.4, 4359.518754423146
7, 4.6000000000000005, 4359.518754423146
7, 4.800000000000001, 4359.518754423146
7, 5, 4359.518754423146
7, 5.2, 4359.518754423146
7, 5.4, 4359.518754423146
7, 5.6000000000000005, 4359.518754423146
7, 5.800000000000001, 4353.326256192431
7, 6, 4359.518754423146
7, 6.2, 4365.71125265386
7, 6.4, 4359.518754423146
7, 6.6000000000000005, 4359.518754423146
7, 6.800000000000001, 4353.326256192431
7, 7, 4359.518754423146
7, 7.2, 4291.401273885285
7, 7.4, 4192.321302193852
7, 7.6000000000000005, 4087.0488322717038
7, 7.800000000000001, 3944.621372965268
7, 8, 3814.5789101202618
7, 8.200000000000001, 3647.381457890968
7, 8.4, 3504.953998584532
7, 8.6, 3343.949044585953
7, 8.8, 3164.3665958952297
7, 9, 2997.1691436659357
7, 9.200000000000001, 2799.009200283069
7, 9.4, 2631.811748053775
7, 9.600000000000001, 2433.651804670908
7, 9.8, 2266.454352441614
7.2, 0, 2235.491861288041
7.2, 0.2, 2408.8818117480496
7.2, 0.4, 2576.0792639773435
7.2, 0.6000000000000001, 2755.6617126680667
7.2, 0.8, 2929.0516631280752
7.2, 1, 3102.441613588084
7.2, 1.2000000000000002, 3269.6390658173777
7.2, 1.4000000000000001, 3436.8365180466717
7.2, 1.6, 3585.456475583822
7.2, 1.8, 3734.076433120972
7.2, 2, 3882.6963906581223
7.2, 2.2, 4012.7388535031287
7.2, 2.4000000000000004, 4130.396319886706
7.2, 2.6, 4217.09129511671
7.2, 2.8000000000000003, 4285.208775654571
7.2, 3, 4297.593772116
7.2, 3.2, 4297.593772116
7.2, 3.4000000000000004, 4291.401273885285
7.2, 3.6, 4291.401273885285
7.2, 3.8000000000000003, 4291.401273885285
7.2, 4, 4297.593772116
7.2, 4.2, 4297.593772116
7.2, 4.4, 4297.593772116
7.2, 4.6000000000000005, 4291.401273885285
7.2, 4.800000000000001, 4291.401273885285
7.2, 5, 4297.593772116
7.2, 5.2, 4291.401273885285
7.2, 5.4, 4297.593772116
7.2, 5.6000000000000005, 4291.401273885285
7.2, 5.800000000000001, 4291.401273885285
7.2, 6, 4297.593772116
7.2, 6.2, 4291.401273885285
7.2, 6.4, 4297.593772116
7.2, 6.6000000000000005, 4285.208775654571
7.2, 6.800000000000001, 4291.401273885285
7.2, 7, 4291.401273885285
7.2, 7.2, 4210.898796885996
7.2, 7.4, 4130.396319886706
7.2, 7.6000000000000005, 4012.7388535031287
7.2, 7.800000000000001, 3882.6963906581223
7.2, 8, 3740.2689313516867
7.2, 8.200000000000001, 3585.456475583822
7.2, 8.4, 3436.8365180466717
7.2, 8.6, 3269.6390658173777
7.2, 8.8, 3102.441613588084
7.2, 9, 2929.0516631280752
7.2, 9.200000000000001, 2749.469214437352
7.2, 9.4, 2582.271762208058
7.2, 9.600000000000001, 2390.304317055906
7.2, 9.8, 2235.491861288041
7.4, 0, 2173.566878980895
7.4, 0.2, 2340.764331210189
7.4, 0.4, 2501.7692852087685
7.4, 0.6000000000000001, 2675.159235668777
7.4, 0.8, 2842.356687898071
7.4, 1, 3009.554140127365
7.4, 1.2000000000000002, 3182.9440905873735
7.4, 1.4000000000000001, 3331.5640481245237
7.4, 1.6, 3480.184005661674
7.4, 1.8, 3622.6114649681094
7.4, 2, 3771.2314225052596
7.4, 2.2, 3913.658881811695
7.4, 2.4000000000000004, 4025.123849964558
7.4, 2.6, 4099.433828733133
7.4, 2.8000000000000003, 4167.551309270993
7.4, 3, 4192.321302193852
7.4, 3.2, 4192.321302193852
7.4, 3.4000000000000004, 4186.128803963137
7.4, 3.6, 4173.743807501708
7.4, 3.8000000000000003, 4173.743807501708
7.4, 4, 4192.321302193852
7.4, 4.2, 4204.706298655281
7.4, 4.4, 4192.321302193852
7.4, 4.6000000000000005, 4192.321302193852
7.4, 4.800000000000001, 4192.321302193852
7.4, 5, 4192.321302193852
7.4, 5.2, 4198.513800424566
7.4, 5.4, 4192.321302193852
7.4, 5.6000000000000005, 4192.321302193852
7.4, 5.800000000000001, 4186.128803963137
7.4, 6, 4192.321302193852
7.4, 6.2, 4204.706298655281
7.4, 6.4, 4192.321302193852
7.4, 6.6000000000000005, 4198.513800424566
7.4, 6.800000000000001, 4186.128803963137
7.4, 7, 4192.321302193852
7.4, 7.2, 4130.396319886706
7.4, 7.4, 4025.123849964558
7.4, 7.6000000000000005, 3926.0438782731244
7.4, 7.800000000000001, 3771.2314225052596
7.4, 8, 3647.381457890968
7.4, 8.200000000000001, 3480.184005661674
7.4, 8.4, 3343.949044585953
7.4, 8.6, 3189.136588818088
7.4, 8.8, 3009.554140127365
7.4, 9, 2860.9341825902147
7.4, 9.200000000000001, 2668.9667374380624
7.4, 9.4, 2520.346779900912
7.4, 9.600000000000001, 2328.37933474876
7.4, 9.8, 2173.566878980895
7.6000000000000005, 0, 2124.0268931351784
7.6000000000000005, 0.2, 2285.0318471337578
7.6000000000000005, 0.4, 2439.8443029016225
7.6000000000000005, 0.6000000000000001, 2607.0417551309165
7.6000000000000005, 0.8, 2768.046709129496
7.6000000000000005, 1, 2929.0516631280752
7.6000000000000005, 1.2000000000000002, 3090.0566171266546
7.6000000000000005, 1.4000000000000001, 3238.676574663805
7.6000000000000005, 1.6, 3381.1040339702404
7.6000000000000005, 1.8, 3523.531493276676
7.6000000000000005, 2, 3672.151450813826
7.6000000000000005, 2.2, 3808.386411889547
7.6000000000000005, 2.4000000000000004, 3926.0438782731244
7.6000000000000005, 2.6, 4006.546355272414
7.6000000000000005, 2.8000000000000003, 4074.6638358102746
7.6000000000000005, 3, 4093.2413305024184
7.6000000000000005, 3.2, 4093.2413305024184
7.6000000000000005, 3.4000000000000004, 4087.0488322717038
7.6000000000000005, 3.6, 4080.856334040989
7.6000000000000005, 3.8000000000000003, 4080.856334040989
7.6000000000000005, 4, 4093.2413305024184
7.6000000000000005, 4.2, 4099.433828733133
7.6000000000000005, 4.4, 4093.2413305024184
7.6000000000000005, 4.6000000000000005, 4087.0488322717038
7.6000000000000005, 4.800000000000001, 4087.0488322717038
7.6000000000000005, 5, 4093.2413305024184
7.6000000000000005, 5.2, 4093.2413305024184
7.6000000000000005, 5.4, 4093.2413305024184
7.6000000000000005, 5.6000000000000005, 4087.0488322717038
7.6000000000000005, 5.800000000000001, 4087.0488322717038
7.6000000000000005, 6, 4093.2413305024184
7.6000000000000005, 6.2, 4093.2413305024184
7.6000000000000005, 6.4, 4093.2413305024184
7.6000000000000005, 6.6000000000000005, 4087.0488322717038
7.6000000000000005, 6.800000000000001, 4087.0488322717038
7.6000000000000005, 7, 4087.0488322717038
7.6000000000000005, 7.2, 4012.7388535031287
7.6000000000000005, 7.4, 3926.0438782731244
7.6000000000000005, 7.6000000000000005, 3814.5789101202618
7.6000000000000005, 7.800000000000001, 3672.151450813826
7.6000000000000005, 8, 3535.916489738105
7.6000000000000005, 8.200000000000001, 3381.1040339702404
7.6000000000000005, 8.4, 3244.8690728945194
7.6000000000000005, 8.6, 3090.0566171266546
7.6000000000000005, 8.8, 2929.0516631280752
7.6000000000000005, 9, 2774.2392073602105
7.6000000000000005, 9.200000000000001, 2600.849256900202
7.6000000000000005, 9.4, 2452.2292993630517
7.6000000000000005, 9.600000000000001, 2266.454352441614
7.6000000000000005, 9.8, 2124.0268931351784
7.800000000000001, 0, 2043.5244161358887
7.800000000000001, 0.2, 2198.3368719037535
7.800000000000001, 0.4, 2346.9568294409037
7.800000000000001, 0.6000000000000001, 2507.961783439483
7.800000000000001, 0.8, 2662.774239207348
7.800000000000001, 1, 2817.5866949752126
7.800000000000001, 1.2000000000000002, 2972.3991507430774
7.800000000000001, 1.4000000000000001, 3114.826610049513
7.800000000000001, 1.6, 3251.061571125234
7.800000000000001, 1.8, 3387.296532200955
7.800000000000001, 2, 3529.7239915073906
7.800000000000001, 2.2, 3665.9589525831116
7.800000000000001, 2.4000000000000004, 3771.2314225052596
7.800000000000001, 2.6, 3851.7338995045493
7.800000000000001, 2.8000000000000003, 3919.85138004241
7.800000000000001, 3, 3938.4288747345536
7.800000000000001, 3.2, 3938.4288747345536
7.800000000000001, 3.4000000000000004, 3932.236376503839
7.800000000000001, 3.6, 3926.0438782731244
7.800000000000001, 3.8000000000000003, 3926.0438782731244
7.800000000000001, 4, 3938.4288747345536
7.800000000000001, 4.2, 3944.621372965268
7.800000000000001, 4.4, 3938.4288747345536
7.800000000000001, 4.6000000000000005, 3944.621372965268
7.800000000000001, 4.800000000000001, 3944.621372965268
7.800000000000001, 5, 3938.4288747345536
7.800000000000001, 5.2, 3938.4288747345536
7.800000000000001, 5.4, 3938.4288747345536
7.800000000000001, 5.6000000000000005, 3944.621372965268
7.800000000000001, 5.800000000000001, 3932.236376503839
7.800000000000001, 6, 3938.4288747345536
7.800000000000001, 6.2, 3950.8138711959828
7.800000000000001, 6.4, 3938.4288747345536
7.800000000000001, 6.6000000000000005, 3944.621372965268
7.800000000000001, 6.800000000000001, 3932.236376503839
7.800000000000001, 7, 3944.621372965268
7.800000000000001, 7.2, 3882.6963906581223
7.800000000000001, 7.4, 3771.2314225052596
7.800000000000001, 7.6000000000000005, 3672.151450813826
7.800000000000001, 7.800000000000001, 3529.7239915073906
7.800000000000001, 8, 3412.0665251238133
7.800000000000001, 8.200000000000001, 3251.061571125234
7.800000000000001, 8.4, 3121.0191082802276
7.800000000000001, 8.6, 2984.7841472045066
7.800000000000001, 8.8, 2817.5866949752126
7.800000000000001, 9, 2681.3517338994916
7.800000000000001, 9.200000000000001, 2501.7692852087685
7.800000000000001, 9.4, 2359.341825902333
7.800000000000001, 9.600000000000001, 2192.144373673039
7.800000000000001, 9.8, 2043.5244161358887
8, 0, 1981.5994338287405
8, 0.2, 2130.219391365893
8, 0.4, 2272.6468506723286
8, 0.6000000000000001, 2427.4593064401934
8, 0.8, 2576.0792639773435
8, 1, 2724.6992215144937
8, 1.2000000000000002, 2867.1266808209293
8, 1.4000000000000001, 3009.554140127365
8, 1.6, 3139.5966029723713
8, 1.8, 3275.8315640480923
8, 2, 3412.0665251238133
8, 2.2, 3535.916489738105
8, 2.4000000000000004, 3647.381457890968
8, 2.6, 3734.076433120972
8, 2.8000000000000003, 3802.1939136588326
8, 3, 3814.5789101202618
8, 3.2, 3814.5789101202618
8, 3.4000000000000004, 3808.386411889547
8, 3.6, 3808.386411889547
8, 3.8000000000000003, 3808.386411889547
8, 4, 3814.5789101202618
8, 4.2, 3814.5789101202618
8, 4.4, 3814.5789101202618
8, 4.6000000000000005, 3814.5789101202618
8, 4.800000000000001, 3814.5789101202618
8, 5, 3814.5789101202618
8, 5.2, 3808.386411889547
8, 5.4, 3814.5789101202618
8, 5.6000000000000005, 3814.5789101202618
8, 5.800000000000001, 3808.386411889547
8, 6, 3814.5789101202618
8, 6.2, 3814.5789101202618
8, 6.4, 3814.5789101202618
8, 6.6000000000000005, 3808.386411889547
8, 6.800000000000001, 3808.386411889547
8, 7, 3814.5789101202618
8, 7.2, 3740.2689313516867
8, 7.4, 3647.381457890968
8, 7.6000000000000005, 3535.916489738105
8, 7.800000000000001, 3412.0665251238133
8, 8, 3288.2165605095215
8, 8.200000000000001, 3139.5966029723713
8, 8.4, 3009.554140127365
8, 8.6, 2873.319179051644
8, 8.8, 2724.6992215144937
8, 9, 2582.271762208058
8, 9.200000000000001, 2421.2668082094788
8, 9.4, 2278.839348903043
8, 9.600000000000001, 2117.834394904464
8, 9.8, 1981.5994338287405
8.200000000000001, 0, 1888.7119603680183
8.200000000000001, 0.2, 2031.139419674459
8.200000000000001, 0.4, 2167.3743807501805
8.200000000000001, 0.6000000000000001, 2315.9943382873307
8.200000000000001, 0.8, 2458.4217975937663
8.200000000000001, 1, 2600.849256900202
8.200000000000001, 1.2000000000000002, 2743.2767162066375
8.200000000000001, 1.4000000000000001, 2873.319179051644
8.200000000000001, 1.6, 2997.1691436659357
8.200000000000001, 1.8, 3121.0191082802276
8.200000000000001, 2, 3251.061571125234
8.200000000000001, 2.2, 3374.911535739526
8.200000000000001, 2.4000000000000004, 3480.184005661674
8.200000000000001, 2.6, 3560.6864826609635
8.200000000000001, 2.8000000000000003, 3628.803963198824
8.200000000000001, 3, 3647.381457890968
8.200000000000001, 3.2, 3647.381457890968
8.200000000000001, 3.4000000000000004, 3641.188959660253
8.200000000000001, 3.6, 3634.9964614295386
8.200000000000001, 3.8000000000000003, 3634.9964614295386
8.200000000000001, 4, 3647.381457890968
8.200000000000001, 4.2, 3653.5739561216824
8.200000000000001, 4.4, 3647.381457890968
8.200000000000001, 4.6000000000000005, 3647.381457890968
8.200000000000001, 4.800000000000001, 3647.381457890968
8.200000000000001, 5, 3647.381457890968
8.200000000000001, 5.2, 3647.381457890968
8.200000000000001, 5.4, 3647.381457890968
8.200000000000001, 5.6000000000000005, 3647.381457890968
8.200000000000001, 5.800000000000001, 3641.188959660253
8.200000000000001, 6, 3647.381457890968
8.200000000000001, 6.2, 3653.5739561216824
8.200000000000001, 6.4, 3647.381457890968
8.200000000000001, 6.6000000000000005, 3647.381457890968
8.200000000000001, 6.800000000000001, 3641.188959660253
8.200000000000001, 7, 3647.381457890968
8.200000000000001, 7.2, 3585.456475583822
8.200000000000001, 7.4, 3480.184005661674
8.200000000000001, 7.6000000000000005, 3381.1040339702404
8.200000000000001, 7.800000000000001, 3251.061571125234
8.200000000000001, 8, 3139.5966029723713
8.200000000000001, 8.200000000000001, 2997.1691436659357
8.200000000000001, 8.4, 2879.5116772823585
8.200000000000001, 8.6, 2749.469214437352
8.200000000000001, 8.8, 2600.849256900202
8.200000000000001, 9, 2470.8067940551955
8.200000000000001, 9.200000000000001, 2309.801840056616
8.200000000000001, 9.4, 2179.7593772116097
8.200000000000001, 9.600000000000001, 2024.9469214437443
8.200000000000001, 9.8, 1888.7119603680183
8.4, 0, 1820.5944798301553
8.4, 0.2, 1956.8294409058813
8.4, 0.4, 2086.871903750891
8.4, 0.6000000000000001, 2229.2993630573264
8.4, 0.8, 2365.5343241330474
8.4, 1, 2501.7692852087685
8.4, 1.2000000000000002, 2638.0042462844895
8.4, 1.4000000000000001, 2761.8542108987813
8.4, 1.6, 2879.5116772823585
8.4, 1.8, 2997.1691436659357
8.4, 2, 3121.0191082802276
8.4, 2.2, 3238.676574663805
8.4, 2.4000000000000004, 3343.949044585953
8.4, 2.6, 3424.4515215852425
8.4, 2.8000000000000003, 3492.569002123103
8.4, 3, 3511.146496815247
8.4, 3.2, 3511.146496815247
8.4, 3.4000000000000004, 3504.953998584532
8.4, 3.6, 3498.7615003538176
8.4, 3.8000000000000003, 3498.7615003538176
8.4, 4, 3511.146496815247
8.4, 4.2, 3517.3389950459614
8.4, 4.4, 3511.146496815247
8.4, 4.6000000000000005, 3504.953998584532
8.4, 4.800000000000001, 3504.953998584532
8.4, 5, 3511.146496815247
8.4, 5.2, 3511.146496815247
8.4, 5.4, 3511.146496815247
8.4, 5.6000000000000005, 3504.953998584532
8.4, 5.800000000000001, 3504.953998584532
8.4, 6, 3511.146496815247
8.4, 6.2, 3511.146496815247
8.4, 6.4, 3511.146496815247
8.4, 6.6000000000000005, 3504.953998584532
8.4, 6.800000000000001, 3504.953998584532
8.4, 7, 3504.953998584532
8.4, 7.2, 3436.8365180466717
8.4, 7.4, 3343.949044585953
8.4, 7.6000000000000005, 3244.8690728945194
8.4, 7.800000000000001, 3121.0191082802276
8.4, 8, 3009.554140127365
8.4, 8.200000000000001, 2879.5116772823585
8.4, 8.4, 2768.046709129496
8.4, 8.6, 2638.0042462844895
8.4, 8.8, 2501.7692852087685
8.4, 9, 2371.726822363762
8.4, 9.200000000000001, 2223.106864826612
8.4, 9.4, 2099.25690021232
8.4, 9.600000000000001, 1944.4444444444516
8.4, 9.8, 1820.5944798301553
8.6, 0, 1740.0920028308626
8.6, 0.2, 1870.1344656758738
8.6, 0.4, 1993.9844302901702
8.6, 0.6000000000000001, 2130.219391365893
8.6, 0.8, 2260.2618542108994
8.6, 1, 2390.304317055906
8.6, 1.2000000000000002, 2514.1542816701976
8.6, 1.4000000000000001, 2638.0042462844895
8.6, 1.6, 2749.469214437352
8.6, 1.8, 2867.1266808209293
8.6, 2, 2984.7841472045066
8.6, 2.2, 3090.0566171266546
8.6, 2.4000000000000004, 3189.136588818088
8.6, 2.6, 3269.6390658173777
8.6, 2.8000000000000003, 3337.7565463552382
8.6, 3, 3350.1415428166674
8.6, 3.2, 3350.1415428166674
8.6, 3.4000000000000004, 3343.949044585953
8.6, 3.6, 3343.949044585953
8.6, 3.8000000000000003, 3343.949044585953
8.6, 4, 3350.1415428166674
8.6, 4.2, 3350.1415428166674
8.6, 4.4, 3350.1415428166674
8.6, 4.6000000000000005, 3343.949044585953
8.6, 4.800000000000001, 3343.949044585953
8.6, 5, 3350.1415428166674
8.6, 5.2, 3343.949044585953
8.6, 5.4, 3350.1415428166674
8.6, 5.6000000000000005, 3343.949044585953
8.6, 5.800000000000001, 3343.949044585953
8.6, 6, 3350.1415428166674
8.6, 6.2, 3343.949044585953
8.6, 6.4, 3350.1415428166674
8.6, 6.6000000000000005, 3337.7565463552382
8.6, 6.800000000000001, 3343.949044585953
8.6, 7, 3343.949044585953
8.6, 7.2, 3269.6390658173777
8.6, 7.4, 3189.136588818088
8.6, 7.6000000000000005, 3090.0566171266546
8.6, 7.800000000000001, 2984.7841472045066
8.6, 8, 2873.319179051644
8.6, 8.200000000000001, 2749.469214437352
8.6, 8.4, 2638.0042462844895
8.6, 8.6, 2514.1542816701976
8.6, 8.8, 2390.304317055906
8.6, 9, 2260.2618542108994
8.6, 9.200000000000001, 2124.0268931351784
8.6, 9.4, 2000.176928520885
8.6, 9.600000000000001, 1857.7494692144442
8.6, 9.8, 1740.0920028308626
8.8, 0, 1641.0120311394255
8.8, 0.2, 1764.8619957537219
8.8, 0.4, 1882.5194621373034
8.8, 0.6000000000000001, 2012.5619249823146
8.8, 0.8, 2136.4118895966076
8.8, 1, 2260.2618542108994
8.8, 1.2000000000000002, 2384.111818825191
8.8, 1.4000000000000001, 2495.576786978054
8.8, 1.6, 2600.849256900202
8.8, 1.8, 2706.12172682235
8.8, 2, 2817.5866949752126
8.8, 2.2, 2922.8591648973606
8.8, 2.4000000000000004, 3009.554140127365
8.8, 2.6, 3077.6716206652254
8.8, 2.8000000000000003, 3145.789101203086
8.8, 3, 3164.3665958952297
8.8, 3.2, 3164.3665958952297
8.8, 3.4000000000000004, 3158.174097664515
8.8, 3.6, 3151.9815994338005
8.8, 3.8000000000000003, 3151.9815994338005
8.8, 4, 3164.3665958952297
8.8, 4.2, 3170.5590941259443
8.8, 4.4, 3164.3665958952297
8.8, 4.6000000000000005, 3164.3665958952297
8.8, 4.800000000000001, 3164.3665958952297
8.8, 5, 3164.3665958952297
8.8, 5.2, 3164.3665958952297
8.8, 5.4, 3164.3665958952297
8.8, 5.6000000000000005, 3164.3665958952297
8.8, 5.800000000000001, 3158.174097664515
8.8, 6, 3164.3665958952297
8.8, 6.2, 3170.5590941259443
8.8, 6.4, 3164.3665958952297
8.8, 6.6000000000000005, 3164.3665958952297
8.8, 6.800000000000001, 3158.174097664515
8.8, 7, 3164.3665958952297
8.8, 7.2, 3102.441613588084
8.8, 7.4, 3009.554140127365
8.8, 7.6000000000000005, 2929.0516631280752
8.8, 7.800000000000001, 2817.5866949752126
8.8, 8, 2724.6992215144937
8.8, 8.200000000000001, 2600.849256900202
8.8, 8.4, 2501.7692852087685
8.8, 8.6, 2390.304317055906
8.8, 8.8, 2260.2618542108994
8.8, 9, 2148.7968860580368
8.8, 9.200000000000001, 2006.3694267515998
8.8, 9.4, 1894.904458598733
8.8, 9.600000000000001, 1758.669497523007
8.8, 9.8, 1641.0120311394255
9, 0, 1560.5095541401329
9, 0.2, 1678.1670205237144
9, 0.4, 1789.6319886765812
9, 0.6000000000000001, 1913.4819532908775
9, 0.8, 2031.139419674459
9, 1, 2148.7968860580368
9, 1.2000000000000002, 2260.2618542108994
9, 1.4000000000000001, 2371.726822363762
9, 1.6, 2470.8067940551955
9, 1.8, 2576.0792639773435
9, 2, 2681.3517338994916
9, 2.2, 2774.2392073602105
9, 2.4000000000000004, 2860.9341825902147
9, 2.6, 2929.0516631280752
9, 2.8000000000000003, 2990.976645435221
9, 3, 3003.3616418966503
9, 3.2, 3003.3616418966503
9, 3.4000000000000004, 2997.1691436659357
9, 3.6, 2997.1691436659357
9, 3.8000000000000003, 2997.1691436659357
9, 4, 3003.3616418966503
9, 4.2, 3003.3616418966503
9, 4.4, 3003.3616418966503
9, 4.6000000000000005, 2997.1691436659357
9, 4.800000000000001, 2997.1691436659357
9, 5, 3003.3616418966503
9, 5.2, 2997.1691436659357
9, 5.4, 3003.3616418966503
9, 5.6000000000000005, 2997.1691436659357
9, 5.800000000000001, 2997.1691436659357
9, 6, 3003.3616418966503
9, 6.2, 2997.1691436659357
9, 6.4, 3003.3616418966503
9, 6.6000000000000005, 2990.976645435221
9, 6.800000000000001, 2997.1691436659357
9, 7, 2997.1691436659357
9, 7.2, 2929.0516631280752
9, 7.4, 2860.9341825902147
9, 7.6000000000000005, 2774.2392073602105
9, 7.800000000000001, 2681.3517338994916
9, 8, 2582.271762208058
9, 8.200000000000001, 2470.8067940551955
9, 8.4, 2371.726822363762
9, 8.6, 2260.2618542108994
9, 8.8, 2148.7968860580368
9, 9, 2031.139419674459
9, 9.200000000000001, 1907.2894550601627
9, 9.4, 1795.824486907296
9, 9.600000000000001, 1665.7820240622848
9, 9.8, 1560.5095541401329
9.200000000000001, 0, 1449.0445859872661
9.200000000000001, 0.2, 1560.5095541401329
9.200000000000001, 0.4, 1665.7820240622848
9.200000000000001, 0.6000000000000001, 1783.4394904458663
9.200000000000001, 0.8, 1894.904458598733
9.200000000000001, 1, 2006.3694267515998
9.200000000000001, 1.2000000000000002, 2117.834394904464
9.200000000000001, 1.4000000000000001, 2216.9143665958973
9.200000000000001, 1.6, 2309.801840056616
9.200000000000001, 1.8, 2402.689313517335
9.200000000000001, 2, 2501.7692852087685
9.200000000000001, 2.2, 2594.6567586694873
9.200000000000001, 2.4000000000000004, 2668.9667374380624
9.200000000000001, 2.6, 2724.6992215144937
9.200000000000001, 2.8000000000000003, 2780.431705590925
9.200000000000001, 3, 2799.009200283069
9.200000000000001, 3.2, 2799.009200283069
9.200000000000001, 3.4000000000000004, 2792.8167020523542
9.200000000000001, 3.6, 2786.6242038216396
9.200000000000001, 3.8000000000000003, 2786.6242038216396
9.200000000000001, 4, 2799.009200283069
9.200000000000001, 4.2, 2805.2016985137834
9.200000000000001, 4.4, 2799.009200283069
9.200000000000001, 4.6000000000000005, 2799.009200283069
9.200000000000001, 4.800000000000001, 2799.009200283069
9.200000000000001, 5, 2799.009200283069
9.200000000000001, 5.2, 2799.009200283069
9.200000000000001, 5.4, 2799.009200283069
9.200000000000001, 5.6000000000000005, 2799.009200283069
9.200000000000001, 5.800000000000001, 2792.8167020523542
9.200000000000001, 6, 2799.009200283069
9.200000000000001, 6.2, 2805.2016985137834
9.200000000000001, 6.4, 2799.009200283069
9.200000000000001, 6.6000000000000005, 2799.009200283069
9.200000000000001, 6.800000000000001, 2792.8167020523542
9.200000000000001, 7, 2799.009200283069
9.200000000000001, 7.2, 2749.469214437352
9.200000000000001, 7.4, 2668.9667374380624
9.200000000000001, 7.6000000000000005, 2600.849256900202
9.200000000000001, 7.800000000000001, 2501.7692852087685
9.200000000000001, 8, 2421.2668082094788
9.200000000000001, 8.200000000000001, 2309.801840056616
9.200000000000001, 8.4, 2223.106864826612
9.200000000000001, 8.6, 2124.0268931351784
9.200000000000001, 8.8, 2006.3694267515998
9.200000000000001, 9, 1907.2894550601627
9.200000000000001, 9.200000000000001, 1777.2469922151515
9.200000000000001, 9.4, 1678.1670205237144
9.200000000000001, 9.600000000000001, 1554.317055909418
9.200000000000001, 9.8, 1449.0445859872661
9.4, 0, 1368.5421089879735
9.4, 0.2, 1473.8145789101254
9.4, 0.4, 1572.8945506015625
9.4, 0.6000000000000001, 1684.3595187544292
9.4, 0.8, 1789.6319886765812
9.4, 1, 1894.904458598733
9.4, 1.2000000000000002, 2000.176928520885
9.4, 1.4000000000000001, 2093.0644019816054
9.4, 1.6, 2179.7593772116097
9.4, 1.8, 2266.454352441614
9.4, 2, 2359.341825902333
9.4, 2.2, 2446.036801132337
9.4, 2.4000000000000004, 2520.346779900912
9.4, 2.6, 2569.886765746629
9.4, 2.8000000000000003, 2619.4267515923457
9.4, 3, 2638.0042462844895
9.4, 3.2, 2638.0042462844895
9.4, 3.4000000000000004, 2631.811748053775
9.4, 3.6, 2625.6192498230603
9.4, 3.8000000000000003, 2625.6192498230603
9.4, 4, 2638.0042462844895
9.4, 4.2, 2644.196744515204
9.4, 4.4, 2638.0042462844895
9.4, 4.6000000000000005, 2631.811748053775
9.4, 4.800000000000001, 2631.811748053775
9.4, 5, 2638.0042462844895
9.4, 5.2, 2638.0042462844895
9.4, 5.4, 2638.0042462844895
9.4, 5.6000000000000005, 2631.811748053775
9.4, 5.800000000000001, 2631.811748053775
9.4, 6, 2638.0042462844895
9.4, 6.2, 2638.0042462844895
9.4, 6.4, 2638.0042462844895
9.4, 6.6000000000000005, 2631.811748053775
9.4, 6.800000000000001, 2631.811748053775
9.4, 7, 2631.811748053775
9.4, 7.2, 2582.271762208058
9.4, 7.4, 2520.346779900912
9.4, 7.6000000000000005, 2452.2292993630517
9.4, 7.800000000000001, 2359.341825902333
9.4, 8, 2278.839348903043
9.4, 8.200000000000001, 2179.7593772116097
9.4, 8.4, 2099.25690021232
9.4, 8.6, 2000.176928520885
9.4, 8.8, 1894.904458598733
9.4, 9, 1795.824486907296
9.4, 9.200000000000001, 1678.1670205237144
9.4, 9.4, 1585.2795470629922
9.4, 9.600000000000001, 1461.4295824486958
9.4, 9.8, 1368.5421089879735
9.600000000000001, 0, 1263.2696390658216
9.600000000000001, 0.2, 1362.3496107572587
9.600000000000001, 0.4, 1455.237084217981
9.600000000000001, 0.6000000000000001, 1560.5095541401329
9.600000000000001, 0.8, 1659.58952583157
9.600000000000001, 1, 1758.669497523007
9.600000000000001, 1.2000000000000002, 1851.5569709837293
9.600000000000001, 1.4000000000000001, 1944.4444444444516
9.600000000000001, 1.6, 2024.9469214437443
9.600000000000001, 1.8, 2105.4493984430346
9.600000000000001, 2, 2192.144373673039
9.600000000000001, 2.2, 2266.454352441614
9.600000000000001, 2.4000000000000004, 2328.37933474876
9.600000000000001, 2.6, 2377.9193205944766
9.600000000000001, 2.8000000000000003, 2421.2668082094788
9.600000000000001, 3, 2433.651804670908
9.600000000000001, 3.2, 2433.651804670908
9.600000000000001, 3.4000000000000004, 2427.4593064401934
9.600000000000001, 3.6, 2427.4593064401934
9.600000000000001, 3.8000000000000003, 2427.4593064401934
9.600000000000001, 4, 2433.651804670908
9.600000000000001, 4.2, 2433.651804670908
9.600000000000001, 4.4, 2433.651804670908
9.600000000000001, 4.6000000000000005, 2433.651804670908
9.600000000000001, 4.800000000000001, 2433.651804670908
9.600000000000001, 5, 2433.651804670908
9.600000000000001, 5.2, 2427.4593064401934
9.600000000000001, 5.4, 2433.651804670908
9.600000000000001, 5.6000000000000005, 2433.651804670908
9.600000000000001, 5.800000000000001, 2427.4593064401934
9.600000000000001, 6, 2433.651804670908
9.600000000000001, 6.2, 2433.651804670908
9.600000000000001, 6.4, 2433.651804670908
9.600000000000001, 6.6000000000000005, 2427.4593064401934
9.600000000000001, 6.800000000000001, 2427.4593064401934
9.600000000000001, 7, 2433.651804670908
9.600000000000001, 7.2, 2390.304317055906
9.600000000000001, 7.4, 2328.37933474876
9.600000000000001, 7.6000000000000005, 2266.454352441614
9.600000000000001, 7.800000000000001, 2192.144373673039
9.600000000000001, 8, 2117.834394904464
9.600000000000001, 8.200000000000001, 2024.9469214437443
9.600000000000001, 8.4, 1944.4444444444516
9.600000000000001, 8.6, 1857.7494692144442
9.600000000000001, 8.8, 1758.669497523007
9.600000000000001, 9, 1665.7820240622848
9.600000000000001, 9.200000000000001, 1554.317055909418
9.600000000000001, 9.4, 1461.4295824486958
9.600000000000001, 9.600000000000001, 1356.1571125265439
9.600000000000001, 9.8, 1263.2696390658216
9.8, 0, 1176.5746638358141
9.8, 0.2, 1269.4621372965364
9.8, 0.4, 1356.1571125265439
9.8, 0.6000000000000001, 1455.237084217981
9.8, 0.8, 1548.1245576787032
9.8, 1, 1641.0120311394255
9.8, 1.2000000000000002, 1733.8995046001478
9.8, 1.4000000000000001, 1814.4019815994404
9.8, 1.6, 1888.7119603680183
9.8, 1.8, 1963.021939136596
9.8, 2, 2043.5244161358887
9.8, 2.2, 2117.834394904464
9.8, 2.4000000000000004, 2173.566878980895
9.8, 2.6, 2210.7218683651827
9.8, 2.8000000000000003, 2247.87685774947
9.8, 3, 2266.454352441614
9.8, 3.2, 2266.454352441614
9.8, 3.4000000000000004, 2260.2618542108994
9.8, 3.6, 2254.069355980185
9.8, 3.8000000000000003, 2254.069355980185
9.8, 4, 2266.454352441614
9.8, 4.2, 2272.6468506723286
9.8, 4.4, 2266.454352441614
9.8, 4.6000000000000005, 2266.454352441614
9.8, 4.800000000000001, 2266.454352441614
9.8, 5, 2266.454352441614
9.8, 5.2, 2266.454352441614
9.8, 5.4, 2266.454352441614
9.8, 5.6000000000000005, 2266.454352441614
9.8, 5.800000000000001, 2260.2618542108994
9.8, 6, 2266.454352441614
9.8, 6.2, 2272.6468506723286
9.8, 6.4, 2266.454352441614
9.8, 6.6000000000000005, 2266.454352441614
9.8, 6.800000000000001, 2260.2618542108994
9.8, 7, 2266.454352441614
9.8, 7.2, 2235.491861288041
9.8, 7.4, 2173.566878980895
9.8, 7.6000000000000005, 2124.0268931351784
9.8, 7.800000000000001, 2043.5244161358887
9.8, 8, 1981.5994338287405
9.8, 8.200000000000001, 1888.7119603680183
9.8, 8.4, 1820.5944798301553
9.8, 8.6, 1740.0920028308626
9.8, 8.8, 1641.0120311394255
9.8, 9, 1560.5095541401329
9.8, 9.200000000000001, 1449.0445859872661
9.8, 9.4, 1368.5421089879735
9.8, 9.600000000000001, 1263.2696390658216
9.8, 9.8, 1176.5746638358141
